15.121726818316208
535.7433387276503
-40.50903877037803
-5.0469166623958435
260.92200588651167
-387.4180669108542
-258.525270334071
333.2964942339405
-124.52859518038366
-191.51471087180568
455.36075547486064
63.33513194705178
-235.62287876268957
200.81437508881143
-208.6631842698128
-526.5030884949726
291.51965740745294
328.0124148051271
-134.01767825376385
243.5633862841632
41.79335559672732
-537.5218129752357
24.807690244272635
261.4583158473684
-284.3503037392496
99.72144314720131
407.7248329785921
-191.72811051810086
-15.84905341558406
228.37827880023048
-465.77093221392175
-275.77751182603225
435.19482620703513
73.61303349262114
9.815126973057936
376.390443627142
-264.60334336635157
-461.6088610624576
258.53075462813536
32.016500653605235
-241.21275572656992
357.6361609122585
152.5058458752367
-268.67828534423904
219.93170032631429
12.09360870810891
-574.2037500788764
43.62338186279034
327.77544376691634
-97.77992212441995
261.63068263308827
261.32426534848327
-527.357563735554
-220.2607336722839
267.29255467638086
-196.3920847868328
11.459052069439014
444.15812100501495
-137.56260209846522
-127.63418850177071
331.98066552422637
-257.3574974051797
-426.2076122929117
271.4012022233761
97.06367381429936
-39.6246293846312
488.26237478993016
-2.5875235862234023
-548.300831019404
51.21628404011227
86.1120420915227
-254.00148714954378
313.6806597626236
283.9862242169497
-319.8004925689747
100.24085990866632
208.98864411276242
-473.2896035131898
-145.3519259453305
272.92083682782953
-143.99544281371163
177.8615575468056
482.67238639323153
-329.5719910586112
-394.7085107401226
168.8427005654034
-169.46928280344918
-81.67404464553395
497.8446553964497
-2.9415230098691953
-266.2282785768526
304.9814552901427
-58.32093534636272
-453.49043961594134
155.26294075726247
92.03374751423092
-176.68375005064902
459.0431690396648
280.35389937050695
-477.4515525059083
-114.91600507404416
79.49132628291237
-308.4806474817453
229.63654194173137
447.2042994754856
-258.2082568181301
-55.012508885119495
276.27234682824155
-341.5176551822582
-233.21543041980098
248.44657451624093
-172.28863739708268
-14.710446432107366
566.2430886281538
-48.67781777815042
-429.3373283441711
70.87862694272644
-190.4736193059804
-240.09218136646518
495.33823830756614
213.5155852664204
-317.48683398307884
190.5524143343693
75.3401980028347
-442.55988816944705
91.89661417861615
167.1533883399615
-293.58954325870707
273.36752350848
482.6911395469145
-288.23775200131286
-176.15791835116934
62.903411026699615
-396.10842620936353
29.767211179714348
569.0441199734136
-66.25759620706897
-167.2775516759606
268.3162105635308
-248.16965577565253
-313.3025426356958
278.3651140711978
-94.44758437616906
-223.17173490653565
488.3704504285412
180.56003399914493
-342.1910938362805
59.830513893218594
-147.7048715969658
-444.6603494623921
335.5536039028803
406.1042664396647
-213.34217188740197
105.89838487620905
132.63995574779204
-447.5518565122771
-17.279091958450802
279.3941214109216
-291.46176680633164
41.156900103151855
511.32272791094016
-112.89819221893586
-158.1211958342795
147.17405269169367
-404.8125006424703
-255.567537423793
534.1788607494958
146.96941164264084
-138.6725952860813
255.25659902904508
-174.25480973049469
-435.80566422669375
252.9431386272091
65.20415478653028
-322.8192538622057
313.8576149574257
298.34143485155363
-270.0556219979246
87.3592079239942
-3.110767353875794
-572.3161372098028
56.70334411682147
485.7504206837965
-69.22808194508679
83.93399028718216
227.8138822502088
-444.5645190395475
-207.6465880727972
343.04013369175954
-168.00000622830393
-106.82423313960989
461.1217233959202
4.858164826459959
-169.72418637664586
262.6257670247457
-272.28505039693846
-476.2952351147469
334.6725233318633
265.2512865130509
-92.91556576743316
317.6057722057726
-12.844519336302842
-560.9055371693121
83.99170030242526
196.72374146552576
-303.68952096933435
168.33913390788177
337.50746664844223
-255.20513712522748
56.49182604429461
197.02134261784124
-517.6149316529154
-212.26209304272803
396.6007420789485
-6.026441930100099
86.16093988132997
394.44191911067
-334.44810003476516
-417.6247264843301
263.35450940453705
-27.41820985400944
-173.03258440469878
424.5943288061057
79.84811087180688
-264.4674600251692
295.48564414928575
-30.656072661495436
-543.747216539564
100.72038914564665
258.2167974152916
-107.97229586311897
351.2204962553512
235.81140768539353
-537.7169736338734
-158.87880128052518
212.67521210413827
-245.76079589394277
89.41897073642315
410.33815088883637
-213.85657164125334
-93.74305969680842
319.31013998007637
-327.23304942018245
-375.5027180485821
267.75843071784954
-1.901600157393169
-5.350081857271155
516.7381707612151
-66.91335019921695
-537.7811572705548
88.12620513486085
9.742413920633004
-239.64366915637603
406.45279893978994
229.64413928292385
-332.9948839567067
184.01099738428968
168.5852874275657
-468.2616213028664
-50.437627496557475
233.1918908426795
-193.84632739657818
260.09242806107693
471.6795744000883
-362.79670671567675
-315.839674022204
145.80975125482277
-240.61085404257992
-14.92100652918994
513.4123850568833
-77.58563147411135
-234.9299597448156
306.41580090409565
-138.72480227085185
-412.6008891056302
191.45742499288255
-7.1303386950738
-174.28429619588582
497.29434250765496
224.85023181109634
-471.60738258109683
-52.70465163909836
-2.8178121985134728
-328.75281017407923
311.28590429490066
428.59689750640814
-276.3818220490138
13.58942689605546
236.71136246816437
-373.86651514388836
-132.4186406360165
263.1588790140161
-225.0421942092393
38.62245895842075
573.9838428819176
-101.45425135317686
-343.3887721077024
96.35415740856811
-275.37970866668877
-210.57001299018418
543.2373692798426
142.05957091820875
-292.27529346067354
206.7885726600831
-34.783281590685284
-424.7222197094506
152.4219544688454
91.0935567973173
-316.92078093303365
319.1500567880566
414.6379913364297
-305.6628580360551
-82.36032851486587
21.958617886600848
-439.8150842368912
95.94756380810993
563.8543818229606
-100.36022260007881
-82.29599349127503
249.89553428836894
-318.6812582491279
-241.21736898795584
321.28366353300316
-150.7303675589075
-169.3854910442463
512.8800740806934
104.24978068721227
-282.13193194300925
120.11718542011297
-214.67305894464997
-441.8039289371022
388.6368643760925
349.2127383133032
-208.07717319157032
165.6142853755777
44.94649996071475
-500.6623750224751
37.09598750561378
226.4573400348631
-336.32585907564817
100.62078848039047
461.8861044199868
-173.98920574014508
-80.44755067952637
144.18049600628302
-472.21462187863693
-205.58672720883047
524.798527792121
90.9424330428814
-77.72845232587356
303.95438854791956
-244.82465793441816
-403.5981487393873
297.15421822774414
17.73779417484847
-276.596573663849
371.8973419127714
212.81458456854426
-259.39190894447233
164.20463592657586
-47.31946338208343
-569.295195786314
102.13014636671657
421.86753397806734
-99.92900353214142
172.6700937060968
191.60991861605518
-528.1258128438405
-157.62691736908525
313.7021110687575
-218.71181833505585
-47.09884417829787
440.60160159644715
-101.30370304283288
-120.57835911009305
282.75225294956243
-316.62171286962547
-439.96251268613383
339.9266936199601
181.91259841230837
-48.95273612290497
389.2067101422138
-86.09873214043836
-549.0452459694683
133.82904931593023
150.98665240363687
-268.26834462527074
267.1423859820277
283.09180918002096
-279.67653891422174
117.44163763786786
184.57148828363725
-529.970404074995
-139.30185030812805
351.84951919675444
-58.60853612777726
148.08021038855264
395.0448439387649
-400.4911770545616
-373.9154705937164
238.87176820755207
-114.01395463579702
-115.52964279568415
446.19329466955907
-18.444325286939943
-247.16228983924472
300.14543025269666
-99.96589051156138
-508.09640528072214
160.01516940966644
171.94842748526375
-101.60000672684095
437.2217038997174
193.06288723160844
-560.5400435537331
-98.91017101100948
163.37879472340313
-248.42100745100439
198.84720077103844
395.6663846170016
-263.1783530620914
-17.061053054296778
306.2482884603401
-368.2419303641179
-270.6415035124995
273.334770721619
-91.06602320548964
39.74872913504457
541.4277053379088
-142.54296233529138
-485.87262986751387
106.44558308552382
-84.25758530986616
-204.25417619513195
457.15730355748093
152.5331703509975
-334.94959667638506
212.53090323729117
91.88468357863832
-459.8183178298809
34.702802193379966
164.54328335395422
-231.75164543431853
329.7971417695915
444.2496427947643
-378.99304816651176
-240.58301844364675
120.91062389692098
-299.1477277342903
78.00977679401993
536.7125888910438
-119.88424105271528
-176.17645237689499
302.8040175964345
-203.73964037384886
-340.18731835790015
239.67969847231998
-71.36601590714032
-163.49790566144128
527.9971217375836
146.80719699871412
-444.1657797497035
5.8351955130709925
-92.6014178603138
-355.8465905804333
370.344794753281
375.2284241171086
-287.57398757752435
67.73825393419109
165.45984847900027
-415.0174408167289
-48.976122726858065
240.76169963059016
-272.21675685739194
95.66447307363592
550.429247239452
-156.63269756352804
-264.15005742046077
109.05582633989535
-347.1557130995524
-156.3459834626463
565.5102604266634
100.44539293254672
-222.50810703930264
256.33669454879305
-111.96192658082565
-393.7103323452882
235.36423762680707
47.99498691061195
-316.6256502517254
368.36067073847545
337.3011888210458
-313.22879632025354
-6.8194328550349805
-41.02933879156891
-509.2872603046965
145.71820998681142
504.65320595290507
-143.48934782205905
-9.241200453734601
201.2769428218719
-400.5501821536926
-182.39490804904523
323.3383588183248
-204.59915578002554
-117.84596266313406
501.99284856930694
28.693307635546837
-228.73733775130344
177.68080276222022
-276.3503170862719
-413.62224155858866
429.3883911503046
292.39531691023427
-159.08987451817453
232.75739465825748
-23.416956085181663
-495.438078249494
123.7448906915397
210.1923011819497
-318.97691556871126
171.61035591214787
394.85324826476267
-209.97721081469828
3.1418815332387524
129.15207407166892
-522.7160312925112
-160.03343302083536
494.39886692999954
26.79638552957003
4.860338240598551
296.3348082078797
-344.24743728863115
-373.52236595309915
306.58237174861017
-46.063006004620604
-221.9835188681616
402.0619435083863
112.64699457046441
-238.2844924727101
234.62906396997218
-95.55553015896886
-565.4925807875995
177.93279278635566
346.46930071694067
-101.92612243565387
268.06210805382807
163.77832879349634
-537.4711695741852
-97.02355918206983
284.62582984684803
-248.0423998660855
51.95780163761429
407.35115561958276
-175.41816310149
-67.19003738120338
284.3909843398964
-378.0309051795671
-388.6696978358608
343.4013818718018
85.99119355648901
-14.666731706591362
433.8141540299472
-156.51988108943752
-547.9255916383348
173.69178498458032
74.29416538958534
-244.47906745998517
330.208327683785
213.8550507728656
-301.97792245056326
191.77471573630268
138.25780656581495
-517.6847746730432
-56.563027814380234
313.73936954797614
-100.1294016215758
248.9283071146433
392.2704025829958
-429.6948816608343
-310.4080142401957
229.23785767356068
-174.64842749732207
-31.60251731336265
473.00831432375736
-92.23068035131357
-205.40571733710874
324.3700688406171
-163.0248630803346
-476.44801726154185
187.3045272815987
72.9643843077525
-112.22210704731305
487.1362642092909
128.33111626496932
-544.7507163024547
-43.394314467427414
87.20594191374545
-279.23950811127827
286.701511543235
360.735953905126
-301.35300530162084
27.180564470080682
268.5139818937746
-402.46652703138346
-187.41424056413038
269.22446648229163
-153.65654400797766
97.18829604290265
569.1449991201054
-179.46011486510622
-412.7295622694051
124.47903210576837
-170.32366537180863
-160.41988351686112
506.8725759348836
100.28943139783885
-320.45990921110206
244.8242883382117
4.165112413986638
-449.06799580981885
95.7633397995838
106.75089528972272
-259.56154258992285
374.99791460317294
387.95818520054723
-398.6503417697988
-168.57828919078946
57.66064199806967
-370.82626027033353
132.52809626921402
530.1685637653342
-174.23350033770328
-121.34291012385219
283.0013800685357
-276.11724209594297
-259.9551314175542
282.74222625167755
-142.99461426275482
-118.8133896321503
565.6250362085249
97.05305223459945
-382.3379418415292
68.00398909063756
-174.93112056584434
-338.7601516949967
430.2576008784631
322.73476899043567
-284.2119490152538
124.50342273009461
99.43122703978686
-440.98324989187034
41.57512564155033
212.33261357693266
-326.9983508225682
145.25342373141007
505.66882429800603
-202.1111559287425
-181.97246655850955
81.50440094476434
-429.20684651960886
-132.04434619925547
568.0351013225306
38.665955499935365
-162.32460233903393
259.21172935655164
-208.448213807856
-355.1799960650136
279.7491253529878
-7.120492625563098
-289.0890057793936
417.0395682276907
265.3597861750871
-281.3396221400538
79.49021271995252
-76.50017797918652
-515.5432132900929
210.85366354039195
476.64129568249155
-141.4890941797288
82.23255121938602
162.3003969528206
-468.47277155732326
-99.3819443727991
324.24378335849497
-258.50779438742245
-58.08358416610978
479.6426570950441
-58.15811246470552
-170.90612558149277
190.79525055917858
-365.61973543421715
-393.98217465557826
438.5011081318753
215.5153311677528
-122.84605684152643
295.0527821333927
-97.08789110895346
-506.9677810722369
179.45639068576207
153.78220539786477
-301.17295814746996
250.47095185090038
339.2199207029683
-242.7498937955482
92.03503461928997
105.45278017431767
-543.5874601240946
-85.17057412292908
453.67047693911354
-24.676905715762334
78.61755705503761
305.12284835581
-413.037443300653
-327.78302294550934
318.223014933699
-107.23423251331134
-160.91544269494423
420.8499831033582
18.445009648594144
-235.44200180824927
279.63897484196883
-164.0054823460402
-543.2714647685251
198.71441331811525
265.9293571332071
-95.39928551856386
344.82741924592546
101.2433188640946
-564.5407328907407
-30.083343744665118
240.46288578827506
-235.64938373449291
141.1008468328965
385.9320149643678
-233.3891146176266
3.336985838732528
286.2358014222364
-428.9846642119207
-306.6247026806157
342.11980937788996
14.39333327713327
46.19989693248084
465.387636744925
-220.54017886162987
-506.8680515892016
175.95297870867955
-9.415473867281918
-205.40404685742743
391.953601423242
137.2629275446689
-316.60457347432424
235.26007885325637
66.37619929728791
-526.1550115318728
2.5111914651532192
228.80459343522426
-153.91842035207912
318.19478706173334
361.66419203990614
-463.82077683547453
-257.16017676764335
187.95156874935068
-214.7664760100115
61.6862547849658
473.65546161256526
-149.59101091671457
-158.58536326491605
330.89789210100747
-216.48025936144504
-384.84802972512153
239.70180278602885
2.205400611110626
-83.40060699555411
539.8039020509061
75.90080521839076
-525.3189958323653
-0.9692490166488215
0.7661846384288551
-291.2810536704971
360.64337313293385
309.0191235675862
-336.2511988783192
79.7937522740827
210.22962984064742
-441.57800694551065
-108.76085521162656
229.7569120714613
-230.1161871499013
156.6517075716202
532.9034208538221
-231.3204970414354
-345.96175559349444
114.21259299628741
-246.46358946366897
-100.91331086282617
559.5868650858448
37.10242256148902
-266.0107704385631
270.73477987986934
-61.39409671660936
-399.7471631968415
180.18594968779317
45.039061646448665
-254.91089684992357
429.3669665847961
331.79562789171746
-381.48767345961454
-82.89873834331335
2.7953215408991907
-409.67483002909796
203.03642487661728
500.24667058797957
-214.1779458609073
-48.37111567483598
236.8478295316387
-350.02589304388385
-190.84989939343262
281.31824777241434
-213.81747755056307
-80.66423852078499
556.4870533272084
13.094949284027269
-323.5517071562153
95.00333704564454
-256.71765142259665
-322.3739140448735
491.1167338240024
275.4001521833692
-249.60530917629788
189.6337178754611
21.514647940269697
-445.63647523929666
126.30881688480035
178.79692749232845
-326.8091273469975
214.84995817756163
454.12181280953456
-225.71155211100347
-80.3642907476778
80.92624509029899
-484.7597953168574
-59.50851447669977
549.0505131618128
-6.822755417448412
-85.23403364370684
250.83872678637488
-310.77376140857893
-329.8774265948824
315.03784659356
-75.71595280137763
-252.90798303136717
431.97736796136945
170.42874659424584
-264.55044711035305
161.31912580094834
-138.5834934223488
-522.5365330127069
265.1731491487578
415.12666895526763
-142.1545428945239
172.98648021570952
124.00591499878212
-506.89121636617335
-35.57083678865925
302.79334801758637
-266.79154572703004
25.485960746679865
457.3973606316033
-124.20508775163519
-86.5285949325576
210.3888364167207
-412.3250510021663
-334.9988347799219
440.882744617428
142.50463037156845
-65.12238978454263
326.11462884144424
-192.69787641503208
-495.8269059888178
214.67209976444687
90.97310796457361
-290.2456435759769
302.61155113403635
236.47773647016902
-271.82783603408177
156.16591975292832
77.02249267389502
-568.5846453031683
-25.777137919668455
408.332433922103
-60.368183321102535
169.31084348320485
302.52903390691455
-472.47873971089507
-262.4757663543141
304.2667685790402
-153.24667179545943
-71.42027072127617
435.9312865543045
-59.687584127658745
-177.5028052323377
319.72157832534543
-209.59182501291892
-495.89210184987985
236.47401474137982
184.49919591498625
-83.77866376823627
420.3277829532027
35.35392286264165
-578.4027715819528
10.294312004116186
154.85070067316937
-266.5802745408254
225.35472539906533
333.5889133335173
-290.0509263900137
54.60550016381141
254.07430626134
-458.8173644532388
-219.2892919143612
312.8030362486105
-58.919118466924104
125.4002939836027
487.9691674856306
-271.42863770916944
-446.57934196910884
184.60766693044994
-75.36138917431691
-142.50967554047628
470.2327946063924
70.82171484535654
-300.4765166604567
277.70805230209584
10.420552038197444
-504.8216355903864
85.7165324999866
165.72166666946885
-171.2071979724115
383.6764598254587
325.45198440750283
-495.63673812130526
-187.87648301204874
137.94809153363497
-282.1810592272913
126.39358693551722
464.0907207960721
-217.35757601195928
-112.19723326275214
310.1689770904374
-283.48149971533576
-311.9072431416253
256.1980485791669
-83.59718171947462
-55.31782046654257
566.8807679501169
26.76603277292414
-467.77714393442403
55.18452566869001
-74.99552182439733
-258.6083839535949
444.4094295675704
273.77985845545135
-332.4648657505974
133.49290644645987
144.86336238174604
-437.6190949762942
-10.386676672619277
198.3291074406064
-278.0116087104595
211.41153792720598
511.74715954629715
-278.84934101400114
-284.5031638245019
94.44387459581637
-339.5908686897943
-60.19780936660654
560.0450736638236
-25.016966873237863
-230.8011085687842
272.1684195737529
-166.56963512866483
-364.03769972213144
239.87867693730894
-26.593183729596426
-246.07379868138986
471.47485849188314
273.5112556989991
-367.51630367570897
-2.3084818235063627
-63.32281756383498
-425.23170364731544
289.4687574150841
478.86903015021534
-207.58686976799277
23.87994567653874
183.5009762349486
-403.26535948283237
-98.57361102616314
287.9842983466121
-262.3826475011247
-37.76518360314475
538.0543519146299
-58.778034022086295
-259.8168260046861
116.95590984856508
-350.4478656191865
-303.3379870180214
510.07302225258354
208.95712038179104
-211.15496839414834
217.33027643815998
-88.48442436052581
-447.77897266556494
195.3463104491988
124.9135534544998
-331.5956999604498
265.06754195247396
373.9575731467575
-252.57319434234827
9.53222996387583
48.193553974339395
-526.2222216657378
4.54492783639715
