19.12172681831621
403.6599677521523
-50.23765692821419
289.87262414843843
-560.5003097539276
72.6448584632455
-35.58968091437131
170.86349399228163
297.88280247628927
-376.85179838699
171.74727469151193
-424.6981357930683
256.6079909424161
16.66245797979016
13.726975568569243
203.68715110268144
-394.8902316440981
218.4221979321084
-352.9110589093524
280.5794497869994
114.43094408046332
-0.12832090052109812
150.2229642653862
-522.4355463768153
256.38971664163756
-125.7112094499549
422.0368092457745
57.09969145739483
-334.02284964218376
10.640586072192164
-364.33851295611737
554.110684095067
-40.85186127463444
98.69376607844445
-230.47681784270117
-365.1956260825565
322.1672304018932
-134.6994070858699
456.3376159549273
-296.5969704095823
-66.20637501803861
-48.5160907366524
-164.4336172844442
428.95308966523487
-238.30266319843338
325.8507100576249
-271.84009778436007
-28.35556829227252
35.92032259187879
-150.09875954859055
485.90872971558326
-233.37127475713862
198.9215496409544
-396.1939234121598
-89.4167511155558
248.40464724216815
-5.900635885950021
417.22773213387563
-522.2679375431674
0.656095913910244
-214.94948784612436
210.31087846599
395.8947862909565
-274.6428471523599
111.30938182920093
-522.4859240791417
290.945697521465
106.21693550973004
130.8183076732149
146.3477697263066
-452.09262381346315
236.43890248825193
-279.43411152260484
341.8493309730038
22.196946904466202
-62.558054401338524
143.72267580233333
-425.95932101609935
260.96517173685277
-249.60549724153702
339.4548585357736
56.714904319018466
-186.9670098718819
23.630742453108518
-462.7945438162655
439.4231619506284
-34.1247155477468
282.02322679454807
-166.83555884844
-398.9652990139745
199.35767092182988
-123.07437198261525
591.8009284872763
-219.28485629252336
-71.69727073936163
-179.91263679633437
-156.55337279457095
490.5837188539304
-175.5518996328487
294.75555100570756
-396.4436889939734
-23.92755921734138
65.209884666975
-103.54545053072863
389.3254087418692
-321.58157183110825
236.71055112574746
-333.50013256559566
-26.814146052812795
130.30454712652994
-84.61216556393582
447.46885905505746
-379.95535667134436
85.44260980290959
-313.75772407928935
117.92550528709724
387.3990379338562
-112.13214754584729
207.6839689585292
-593.7704856054506
168.23927351035366
34.38611459390799
260.100277422285
222.02079035745683
-492.34094151926155
108.7684342564098
-337.30654585359866
425.32020474709515
46.595362748606306
-59.50539497411506
26.38480957524983
-436.2217731717541
329.0569549451012
-208.97964001361547
328.53093233289417
-40.47026667807278
-123.87250731262026
108.23185640587309
-385.8751847162742
378.7324929739048
-137.79341121809532
334.8363133175836
-62.0601929011246
-300.3153737022102
87.38007003885471
-257.83265378851127
578.8764144236258
-117.86884714187205
39.34125370146839
-284.40966023939046
-286.11147636522827
403.21571038769775
-71.01632247868287
410.2749530671109
-444.3678748543959
-114.83416435296705
-9.928475262416876
3.091578042664738
477.17967682148344
-329.9877659316568
175.91172740227458
-362.6726921862407
93.16199764271707
169.25450998786212
-83.71675620048136
357.62926832157115
-374.8058770130491
198.05249337511904
-283.7574611287006
63.12991655180493
231.1408783885081
-90.83563547695766
308.8174510466219
-538.5793060317563
98.14082810909092
-142.00757526282115
257.6137688693405
300.166854392152
-349.2315775620766
55.62275943054444
-490.4642133832094
404.64573186593543
137.72326300476553
106.63097083055766
5.45580578062008
-514.5882379192278
293.04516907232284
-142.97506979843448
446.5752748136337
-74.27515830756232
-176.00125417338472
52.097230240611985
-313.0253038961665
432.2048441493827
-200.38127484156755
249.56880587045404
-119.54880104290595
-198.76663254216746
114.53501811122018
-314.96682249692464
461.2088888934171
-144.5987972116153
182.2872054010243
-209.09077260564254
-309.0880406281987
262.3268666685066
-97.75405869394844
535.1063745001934
-333.00441692431906
-88.46561468008089
-166.91180885590495
-33.61193547490428
555.17811011888
-202.35910470075615
177.2102185929816
-494.8773887258688
43.187203586430314
178.40513900211698
21.51445278776971
325.575238454386
-471.267849581878
155.5864130409291
-265.26209104669505
163.5704572117198
168.19950522464302
-142.8047951717109
271.1370975273398
-443.61675122221965
196.5564230097727
-201.49211257678712
187.72455782465258
269.7878121798941
-200.66899094944705
173.13717629824865
-524.6435769048434
282.0743523584803
49.74932319490672
229.47179708041574
89.17520949273545
-514.9353692615758
130.64875730527564
-252.30551942287815
521.7668432668294
-3.26767765436435
-157.7950715824098
-91.49262997158505
-389.6995930470508
465.0939342262881
-109.43787103620423
290.71818919709983
-224.61768813637568
-206.91225876981312
139.84479279528063
-206.3647779115131
467.0215642643534
-236.18886288377553
209.07368596388204
-155.49396578848527
-184.21757166760776
208.58720062042389
-195.87439594310084
493.9011888832734
-250.25539698303734
21.715595037334367
-244.59594577726253
-148.98634263883085
445.9810000931936
-113.45802929189936
312.1767886967337
-531.8626095857494
-63.58223472022733
64.5894582925817
112.0118326073621
448.7755864940857
-440.0072958393044
75.33026697117162
-370.71387953223535
255.01200559719996
257.95744756228663
-85.70920334097949
191.55211389464313
-492.61340725439936
261.1991071267098
-145.76559612169095
203.53222287891458
144.99103389165907
-231.0445629747627
209.06923442720466
-465.48152254772754
258.2816465806062
-103.14684166427573
202.1783874401707
152.74179469205097
-391.40320444835675
105.30510031112173
-390.09696067257994
471.26037639785864
73.86562080879105
27.3590080569063
-85.84204018072384
-470.03646846836665
370.2482565126896
-65.84445642241978
457.1370577387894
-204.41920358770187
-254.43036083834386
33.73764486501932
-182.0834822744269
554.998128393528
-228.2623883265557
140.2741888764248
-269.4255173458098
-132.04034534042742
244.61313923597137
-181.8367100884473
412.99926608226644
-318.9748751004877
110.9176776305003
-187.82913567757393
-139.02808030113752
320.66731388801105
-152.18307101132973
416.8837771045784
-409.4181959137792
-21.164312428429525
-83.44764621532075
56.33211533762414
510.31160031698073
-281.9253779563687
125.50466332075474
-502.86614906540404
162.85430672241657
246.01623065428012
47.40816158408321
219.8848055049698
-593.309685491365
142.6721209781174
-183.81913440616887
305.45668315862235
134.5197842851239
-277.5952317639364
130.79645098189218
-429.4021195783399
363.1611122568049
-102.26972108107371
171.9633049316638
84.21261496853207
-290.4197272767466
208.20515603550024
-386.58470294998733
393.60418073457856
-13.734186639133569
137.03798647779897
9.653779560649738
-458.18103513096617
230.02369200748242
-184.26622162686766
517.7101382435105
-108.94691246577922
-206.9776054235941
-122.38052591786646
-289.6319925865745
548.5553442144615
-110.4319368751678
218.9224355401413
-368.0704872481907
-202.09250674478056
224.42060970031343
-66.21791402354174
477.2774821841141
-374.2333664765127
75.46911892938161
-176.94365472385564
-13.31906153297369
335.4752416011941
-202.41700303032138
365.44211490456604
-383.16565636233764
78.94207127149313
-122.69008765135281
-27.421345416649707
385.25942468051835
-236.82348358039093
233.42056126783623
-508.37600827355186
55.15215906194032
100.55494269646296
114.7337720163907
334.4217590909595
-518.2983793119923
67.07584862776642
-297.3890730089314
369.6025072734359
259.78298642597593
-159.6081043850504
62.45852886994674
-529.7521866013633
378.37263347227736
-26.936461418455114
272.01888961383816
-8.020198680165368
-352.99712147349175
188.3278156207103
-311.42517154306404
411.8249275508153
-129.67550110935224
72.94174490459181
-6.261079503261077
-343.31545630052403
238.15571410008377
-291.1298422925719
460.0001030514563
-69.86351033914437
-31.953065431761953
-105.66332933572815
-374.17331232124485
444.8475505734846
-68.24708478265659
399.12618623231225
-322.61199273384256
-251.29691784763307
92.47732394541448
-58.84722103037195
583.8096264119579
-295.58615978473557
32.8768360066151
-342.00734288148146
-16.531219168359097
370.37835108412503
-142.3921405049783
300.8520720651846
-481.8285238563033
105.62824342691137
-83.93727804628145
43.33855620635589
304.69418853978607
-277.3555443441192
284.3700999040974
-407.72961107818315
139.57755856656402
-0.4382656778422458
58.86907717051511
362.01438369043916
-358.81721031459125
138.5073866973072
-419.10609036223553
265.86698375200245
235.0305927108378
-2.373530580645178
117.62116241535529
-609.6116389942648
232.52115988756142
-84.25653935805045
384.6883903270501
55.173328063108045
-384.06297531709873
45.703128791064465
-343.5312542829639
509.60454609496696
-72.00267232588848
91.97699576058181
-106.14529889391018
-308.3539724691642
315.48073569176387
-226.2543597292537
424.6539909240077
-166.77242542579128
34.06120737467439
-17.947757335306314
-305.50450968391374
352.38435761780295
-190.527461093943
421.5052827941475
-219.82396349730533
-173.24180908314403
-53.404797959103526
-196.21559545673958
554.3544739335899
-189.2045402821361
140.03047294290877
-429.56331687556354
-128.2870858804534
311.02091757696394
0.2689686083115941
418.2448615248032
-507.06846932653
33.52405374015838
-129.66521909828182
166.7784959264523
369.94727528081825
-279.2164317700335
200.8573452342067
-447.2399647164567
223.20794059861964
2.8317955106617845
33.095843798393375
248.96766450488718
-375.84298911995825
213.41577247386851
-403.7777782178602
197.8875627908518
79.95017611386763
25.869701250688234
207.89518712468114
-519.3674704283968
163.9727276932409
-234.41231553115833
412.4791308029483
158.46093588824579
-221.6678616548024
9.562135787520964
-463.01383335606994
486.64699562850666
13.303941778827015
245.0822057343529
-152.38597856506684
-408.43421918620584
236.2362925755319
-166.1850412160524
513.9197620818435
-216.74885672050186
-51.03681071859128
-100.01374982338116
-219.6699080466139
387.13408951282963
-234.62471528895597
355.5014184341412
-260.34628062270247
-39.57042235539415
-3.3097414304051105
-206.61312783697434
452.7720143503308
-182.76557257060585
300.1885299938632
-354.4348034797185
-141.58732183686567
162.36484852776073
-11.245153739402351
515.1374888120257
-400.11511589773414
4.312832078656051
-321.1101693944995
106.55090438179698
423.743166603382
-172.2626646864992
162.46493044619962
-584.6324750882343
170.91291145173432
37.644883752458426
148.67952772069907
216.0070212046354
-436.9921330353716
193.87535883785372
-351.0881766016651
312.59648586063514
42.62479746256223
-7.482545020030059
197.57552887442588
-407.5459923759033
248.95519275910192
-289.30769427527713
328.0376580848964
118.4262648391408
-86.16395309087311
59.73192731026191
-499.8778200288493
338.1218907752534
-65.97142696566925
352.64821961172635
-70.95644280205775
-412.48718912309835
70.35173170631683
-242.69416552630074
602.7491846990267
-117.95249984295515
0.42184895895154684
-224.83249022968215
-261.8506639045195
434.16800503571295
-116.60200582707255
390.2245320163029
-349.0126327126584
-51.30689890726428
21.942881551122756
-108.62241989386372
423.27339417537894
-264.2389689712578
276.184977805156
-309.74885445692473
-61.185573629212115
64.75733409800488
-122.20516778467234
468.5739283760469
-308.24393002952576
119.43008341981388
-381.49390374751
6.98037908385464
334.8546469544442
-39.004535839160646
314.6399604685244
-585.2835803293007
72.32006861888573
-72.00368217514138
267.7794327969086
326.63320272862364
-378.35709723722084
95.7989466604888
-431.9135516210479
371.4177337049553
108.59022917600454
35.19163111728152
79.64111040448897
-455.4808621716191
271.7867408515305
-260.8310414649284
320.005350571264
-13.751434370839089
-110.3096022852586
114.9524160084979
-432.6884156793325
308.5552137292124
-201.12561152406417
359.5859682645046
7.519705962611048
-245.39952712390252
43.90809538938413
-350.1939929877668
541.426380224395
-32.819295431340414
167.707463172252
-244.74169327244533
-354.30578169248605
315.0490286150276
-72.02098548139422
512.1401684309775
-344.91584230571317
-132.04411724705759
-116.20535471833121
-81.15055644170513
487.54255061350005
-252.42221432974586
214.57326033135777
-407.2610746956952
23.61690127258312
114.12854658207253
-85.17086502856766
374.53582437365276
-349.9882874563002
217.85132813828574
-308.27002624744
39.573511296639424
207.73005670374624
-48.7336243024086
399.2397771447505
-461.91315650537024
78.15975322753593
-228.19652563500438
203.75545025352775
363.9850089391802
-239.0417721030145
94.96942939002514
-592.1394624357614
270.3603130347763
92.80647593606574
186.57968046125427
86.68783644213244
-533.7728327317554
183.44993271815432
-240.55019363000773
459.58901858048904
-6.087100031240126
-123.51840766071588
38.44240073906289
-363.4975380573748
398.16118314914877
-182.75139211828315
310.7248424712428
-68.9506019892407
-159.53327058378673
110.26795638603333
-359.1825048041637
416.6965630256181
-141.38311811925178
272.37976891858335
-154.7272680175856
-346.33514916911395
154.3698284086186
-170.71200533361858
575.505223225408
-226.5357632805381
-62.265162548435384
-255.9774048959532
-157.84256735030982
513.369561944727
-108.19900244183872
297.2444355470961
-479.0383357486417
-31.909059775536882
104.12220597168658
42.18714726593304
418.5008543867202
-396.4807095144385
155.5405981336534
-312.2465300446781
128.23735940733553
174.64247871858893
-132.52718336345274
310.2894893425303
-431.68046703578943
167.5777645932133
-272.2699602441351
108.22407707818664
255.10559822771194
-145.0946893543365
221.18940079654232
-544.0270013938017
183.33565467518255
-17.996393670994753
280.3049650614776
221.64235269542667
-450.37429714012364
88.3809123055516
-359.36725895592645
498.51196023425223
96.4655083886651
-21.705109554268233
-66.07020236199062
-471.62182605550345
379.60305012880957
-113.94788061041389
375.2088939778225
-167.14908415575331
-207.74424117839678
77.52588454792514
-279.68711781293007
438.13247530477935
-218.26450303297267
220.75018639925588
-158.54150053930076
-204.50326423668395
161.0843465340972
-240.5157727964091
501.50521154579144
-177.32235878385234
114.01166402603992
-241.66951018172213
-227.3308642810416
378.68677584036
-67.71263293989028
436.78671190845546
-437.7826424960098
-115.15925679739681
-62.666052823843756
48.874591299718354
511.23392972763503
-335.87814658454477
88.12869514932561
-468.57756770254827
137.14525944104804
230.70618784925222
-24.224887066817764
245.89195852968598
-503.64987102160916
213.9224974419877
-194.5320543824278
195.01494373831184
181.66527321433745
-175.68134573006827
241.79335444814984
-447.452470400555
232.16431256869473
-138.51599698310568
216.76105953377754
223.74305450155833
-297.5939255033428
106.75917923383119
-487.28444645935826
368.88575393003356
76.19162070623356
121.71019555002412
-21.317450253741
-545.7801302213755
234.3443927919528
-140.30158694391034
521.0862496552904
-105.3938698995255
-229.19074516880374
-42.54452739644977
-274.0532423077534
548.5664414082602
-152.80887098112817
227.58256768967485
-246.43198854723522
-169.09866323277757
218.85740196412078
-198.5655712396065
450.0213691506747
-281.4445436141442
148.9907196730543
-190.52932956773654
-177.42269228732133
255.96740475787652
-182.3804252993443
457.192348240426
-344.6275177036114
-31.35329756977968
-195.35823624234638
-36.327558940484494
500.6736353073645
-169.38888435703308
208.21794996626937
-538.7160136931233
47.14504134022188
184.0127870526462
132.14654853303938
349.3926061091586
-515.739361039398
102.4254934385079
-263.7445688537039
305.6051363125561
218.04870151143783
-189.18393381420714
134.6417236123726
-484.23956180080603
294.35109358194154
-132.75078167527394
182.0459216931643
104.93761366657843
-274.48776401814933
188.414691637274
-432.85531178630845
324.2933401176424
-45.641956648666635
192.71503004048878
88.31434538032138
-421.73039609290646
163.1892780885552
-267.30368548439355
534.6750919163055
16.48362887345148
-77.52814536884317
-121.4798293182629
-395.2900287938732
475.63595244745494
-61.12932515016718
351.8393766344783
-322.44612733663035
-275.96660171292365
118.11579934222337
-114.70336762734505
519.4613280986208
-316.18346762322744
81.69678741043182
-237.52340240423513
-71.84367020311163
310.1867557263994
-182.94034332136295
395.5516089665103
-337.37235703456713
105.20454379736053
-153.6767712343251
-69.50855746748928
379.7256091849161
-169.27444946893047
333.40309818942234
-472.7083881421044
-1.9870684086790662
2.4295655389552318
105.55887173820815
431.37808984749483
-413.27404284165664
46.26681382316019
-429.0917248184123
270.65819892170816
269.60303850112643
-49.5372460952075
114.3048191196674
-586.2377301552524
261.2002086206675
-73.20115695894673
318.48759366355705
88.82837292649586
-314.65299027436345
159.0637844012451
-360.53920811243006
408.27887148271674
-99.08500635817641
147.87388455577417
46.19585635311054
-327.7083070572323
209.66134620198275
-345.85593544085134
403.3232668696932
-43.361113433198
35.06756400511027
-71.68682960939472
-449.8242576261017
318.91755176222694
-115.80307430511563
464.5800633705958
-219.93313333812162
-252.33804223673715
-28.97023892694704
-153.00072738037034
611.8327472007053
-186.65361123796734
135.2220216096922
-368.672612559814
-94.71232550438862
331.3046248128572
-69.88754110609594
398.5520347495696
-447.78932222660956
76.92795372036036
-134.69764973046375
15.521632514259242
310.1149182268912
-251.9965251493435
298.56791047680514
-422.3459703635196
91.5208851719692
-82.68351226666522
24.687750510633563
390.28072322963925
-296.84290591739324
176.43780210787216
-481.4474185734016
165.63693838798923
201.670542082585
92.62319630579947
246.24966182354146
-568.1713728670612
138.46326574217142
-178.3008119103699
413.8291581658429
164.4140242269489
-276.5934111836586
28.580870745778796
-446.4617508368241
444.80842442960676
-36.14807351843814
165.16411665271784
-74.93008088021875
-352.0024166793878
236.49407847135464
-280.37677356180416
420.18155276299524
-144.64381431073394
61.87783132227335
-17.271685199483816
-324.3750079214489
299.4577882077409
-216.0295882500589
471.3739823242245
-136.52279097832655
-102.42257620904398
-77.37885369111932
-271.6886678015668
530.580489915007
-102.86860504286012
268.15829421563654
-401.69012007840627
-221.3065254552696
185.21682248460763
-24.094472885643633
502.08002813739336
-434.561088958125
-11.648427090674492
-258.491541064962
74.23225085377197
390.9399228997364
-202.87602996980016
235.05079651419425
-483.02782954939505
177.63455743041854
-13.51926979524719
47.33568137777332
292.4619992190768
-306.8496777786352
254.58314391975537
-404.7180881279168
163.47220345203704
46.8095080152798
60.91580556014672
289.70320994343825
-463.75383083921037
118.39931914758671
-344.08123871736274
340.4942552864038
203.69659370191604
-121.35259488253854
21.128079440017302
-565.1664402676463
358.9573071665793
-1.1612956638930187
338.3317096496266
-61.52782038468522
-406.800217722423
143.64716820635374
-231.27055327046702
546.1316467854516
-137.12090129401338
26.44865683930253
-107.50798167723322
-276.20470961252227
352.0964284200865
-229.73068750636853
388.73870053455676
-219.84474857257993
-18.106400522824842
-35.84166219758601
-286.8654490037394
385.66445036631006
-178.69562739316123
366.7456988157776
-309.7374856753136
-178.81509100264202
35.67500160224075
-89.08026244696484
569.3074700911183
-281.8661326675655
63.853973234687984
-386.66779597200673
8.5449278363887
