31.12172681831621
41.70614922712302
-55.54671038875692
15.02351477462473
109.63539849459788
-125.2917893079194
-145.21049849423804
169.4245009014453
94.24186515647838
-306.20412363378534
-33.435275771374506
391.499833329298
-33.237255053417684
-424.52674972741187
197.95086822993713
467.832479980698
-299.6354409315358
-450.11399393379287
391.5443516573983
345.4755361613835
-519.1923471997873
-274.24402880693805
532.769476256325
160.09206664335582
-504.35099866326976
-20.05476170589241
495.24265692490457
-40.29578355859677
-379.19225402607543
112.04419763571865
263.12457194011176
-153.00024010045325
-197.8502556538608
85.10781326886014
63.98106826874899
-58.22787007052713
-16.019602419009775
3.9805328713447885
30.75743087604603
113.55949418292832
-7.169962998653158
-142.5094736089972
72.07062417748806
162.82714640707096
-184.41919013164096
-179.41446515077388
235.14191538889028
94.16688447159117
-331.00228579264694
17.992116934204805
405.3643519481589
-106.40010491269247
-383.17158684859874
273.5406316900897
372.3445068487413
-389.90576646841856
-312.7069051298111
465.8131065168429
179.44064593116943
-554.0249043299852
-97.26130452607285
561.1396690386119
-11.489138235208486
-497.52819571885357
145.73899497874098
462.8637359698116
-161.7612755976971
-336.9607849691057
198.76396689817616
217.35362184945788
-202.8923331228595
-175.18932834611627
98.56051505848374
84.83189221991034
-25.098947703171635
-53.83232265507175
-34.26267709932669
98.52356605525526
146.8637651488444
-105.83295157826574
-172.36263233088187
179.40543358899515
154.3951685492267
-293.58481617997757
-150.93228868724094
330.7039903428512
40.90442108566299
-380.1167981680646
83.55446669977566
425.47557944522066
-166.1573911937649
-344.2362866600029
325.1318367641899
279.27200943730315
-433.58769728681693
-197.44475898653346
464.313010174513
31.60097952976741
-526.7045367933829
76.40061809254279
497.06038864957804
-155.96010925246827
-404.17146319167074
277.94750132023387
352.9999288561196
-276.7218988198723
-250.5859805041303
247.6955764404886
140.58165686538737
-235.9893109534158
-128.69338684206556
123.63550334378434
84.17882675277552
-32.32489960681821
-71.73067926976451
-27.285399438655638
163.89111503525638
107.77095430192085
-209.5568972396204
-129.25502785391967
285.4432611276547
74.97849329910957
-394.5642282678397
-44.65570748418078
412.4920877963875
-48.57626334107216
-419.62480186771626
194.59623739374402
426.0439298450336
-261.5474076527787
-321.6780296622335
378.7005603731241
203.3878626950299
-459.66115283853804
-104.25059608316185
440.28427146617713
-64.97393885894955
-453.63272746178274
185.14194000458585
398.6983956456252
-245.88894278710916
-274.9919092610311
338.88990666215017
215.65163059975774
-319.1265345721795
-127.99081720587262
262.65514087579345
35.23109219633359
-232.7809032932754
-39.76254842449035
125.07381193280224
41.52577043627922
-26.04881091186117
-65.58855864328744
12.388002817481476
196.6557338302664
45.74723223184253
-279.32944059511567
-40.29317923490883
336.9858790927426
-52.18544726838266
-453.849891331009
101.4990691446288
456.09888134775554
-201.6670436580709
-423.0822143736379
346.44311607680584
400.259214293757
-380.2176869187656
-279.5337942108278
452.2623136796024
134.25892237058565
-485.47779462471107
-31.611824836879137
428.9318350579999
-130.60293296314586
-369.62169038322907
232.89356243910106
305.9579031504193
-263.1644312341212
-161.58716246038938
317.98217106460413
81.10126913776224
-282.8741981841688
-18.820890864280262
200.45615944446595
-57.35790914226079
-169.3452068988568
28.560715626974094
86.50206814795567
31.73256493736608
-5.294501774249862
-57.09026727210406
29.835132626951896
199.73679715350212
-28.51085246127964
-289.1772493806826
57.92429187051894
340.2878483382187
-177.39443181114953
-419.8932793965949
266.2236355972236
407.954234878149
-347.66919915483004
-343.8165040759547
478.33621692870156
283.03322384267847
-519.2753232918981
-166.91494000422915
537.0494301912069
10.27057635754283
-540.0374493101054
73.92980414814619
422.59287059584204
-194.82559012104036
-321.4354174128939
269.7818211267316
236.31435587947277
-240.3691995394716
-83.48947951999449
264.09454469839477
3.474969429462734
-204.61691426984459
33.328164743368774
99.06949085528859
-77.87486493487975
-71.17728159406153
44.38102899206474
11.812722179862327
34.92287518418874
42.65203610916986
-78.68190617490008
15.680917300110416
203.19159329474095
-62.77252463100351
-288.87097183886846
118.7478054863222
287.66932987604116
-285.9848368199732
-325.4756550415765
378.20452131557767
296.96387585986764
-461.78510404103224
-194.01844775912932
571.7361358829577
121.46478851339882
-582.2623836551936
0.5072624020302055
561.4844327627258
-154.1535544918328
-531.9935402815025
199.31339446027195
390.36338308933057
-258.30440031243546
-275.2333792184216
304.1970538417011
204.49409359558467
-240.01721232134506
-54.216433322955204
198.5174344576074
-18.022590922788847
-150.05968051689553
22.025310172258887
18.63034223164783
-46.28863187215382
26.6475962671111
-2.7638289064872716
-41.733051422791924
103.63689242344867
73.40677462721182
-134.84492936571425
9.431634927211356
223.4082237630927
-89.01694288063963
-287.93433698345945
165.5674919536701
238.85391846512124
-321.44982507438726
-229.8309171490661
445.7679265124953
163.64358744583006
-496.0026863866871
-20.08834405976268
584.3313490096995
-72.34627585931
-569.2720571622896
180.02650193902477
499.1533934925275
-318.8028891221802
-454.97280908162014
339.27623994138196
330.52719354939626
-352.4149953162788
-200.40364848471413
361.4356662393975
134.55531543302703
-258.2482038892002
-33.440753542367275
173.09863604866047
-10.429748823178585
-102.36300563653603
-36.18018268778731
-14.122817267023812
32.742928428860964
50.04679303498626
-85.94695714930134
-43.047975539912784
198.61016590252166
58.71876669455425
-232.619001084876
39.40263473079048
270.0956837695711
-143.04214754994072
-304.28629327956116
238.32866658377642
224.00432220457296
-356.60768045369247
-146.15066372154135
454.42208410749265
53.831878911102294
-473.0074150887336
109.53313954021131
515.0197031364088
-230.54970078167145
-477.28485099913615
320.2204600373558
368.7404495263625
-425.2214742894623
-312.15106832529375
443.96077531914847
202.0765816589547
-402.7615337882338
-79.03928432018807
390.51197472836094
50.75232772852104
-278.7883584117585
-7.086163149404413
161.73185280667013
-33.5943259945016
-127.56006583412535
-64.51676439103065
20.873402527772832
108.79876801650842
18.046464802500637
-172.60137650433117
26.1877850175967
282.779660227258
-38.83981540988299
-301.3941633452641
122.23634609415221
307.18473431813413
-249.25644684954153
-306.2204685452023
315.01951180654333
190.63040891762
-408.96330838019225
-75.82425852266263
472.96920362456274
-26.192126927850584
-441.1108617519213
196.4128071658211
426.9309906428641
-327.54981843311487
-358.9726344039387
377.7377114404848
223.60674106998857
-464.6301467419557
-153.5965308132554
460.30139356960467
48.48815722555667
-392.17320834884816
62.09756243488172
365.0475439073141
-69.16835081688103
-243.76250372288516
65.18665069767579
158.826080645728
-54.74788110177914
-129.8700085743593
-57.83097156541663
63.928661923143814
141.95961668661116
-59.92972766729616
-200.78743155823463
136.42149987545574
301.02687983735075
-175.57201485910062
-314.548470325436
257.30639703970814
272.211292586025
-395.30726769017576
-244.72850053704875
422.9990766542506
132.63517417406246
-475.5509100823117
15.0338662882396
491.1370146488857
-101.00010247241073
-416.3365245777628
268.84833509965154
336.88362885398544
-362.3869409947852
-255.07349618768004
389.1660392697666
91.45816861109542
-429.7030876788034
-8.095733747609778
397.3590608234374
-71.94255314291448
-301.25997367944785
166.23363998248794
275.867499155318
-142.2484449396879
-179.2357320051147
93.48641605058597
79.44144264028489
-80.46240294203471
-91.17192277945277
-40.65027514066369
77.8015737607132
134.57811544213027
-102.99607694930118
-174.76561119979252
224.98919405908111
260.2537792099944
-301.7407204112299
-248.76142886814927
384.8690512691154
170.92488041631987
-505.4421724677245
-120.52029267556254
528.4931148315873
9.118054617392778
-520.0898066514591
148.12528179387562
515.2551279911079
-213.7333814004531
-392.3783244425629
328.70741175362065
289.5809229667939
-395.4563548269124
-191.10357558097127
362.32752569776636
23.208045827225632
-364.67931832196
86.29921607708893
308.34635125799986
-123.13977145962176
-194.38412537717534
204.87673050638824
138.62926810147263
-163.34003296584407
-77.15942106162035
91.50131279584302
15.098446793570556
-66.05039112024694
-53.72237181932011
-37.167976059445905
88.96679971691577
123.21245141944615
-142.15353144634636
-133.01483833565104
286.6000609401375
162.92551040029892
-378.5133544066949
-131.68819109229756
448.07213257454055
26.57407001213533
-545.830895769646
49.32381714137729
557.9112707192152
-165.4864197360819
-509.17834602613755
316.4664308627455
475.57471832457713
-357.1011859921318
-355.98899323891675
402.50163197363213
208.23493738918333
-447.5670278401733
-113.13165652167346
361.3931372551818
-32.08102993937018
-305.5060237709865
123.51660621694958
242.56664569149575
-116.14439996740984
-94.34580802410429
162.52026512999902
38.138672787345655
-118.88848489514118
-5.3831504114795985
22.720986916311467
-40.13820069572815
-1.3452243880703971
-21.610068017690963
-74.51222572414449
86.77282688756193
134.0350213114566
-157.86698575893806
-107.15402540171891
299.21991414759043
70.42484568948922
-402.6432255214145
-16.93040686762722
442.448502032884
-135.02325147807468
-514.0658530650454
224.82753771927193
501.9234210795228
-320.13887736771517
-413.73934489308266
460.1917948352591
356.84939151130595
-480.23125592933815
-238.4496683310744
482.9881653581383
93.35623773596413
-486.53417004030234
-18.1987842817932
384.9120312439562
-79.16864480134352
-278.4156304647774
144.45732089347212
208.1528750628731
-92.79860572557574
-60.773405639664084
84.97852063971624
9.119828686586295
-30.681116177213482
7.05560737990082
-74.26311914462943
-29.400459459815295
101.03783848880258
-41.42285416731624
-135.18677960631496
146.01958367366584
166.335272990822
-207.21378005701175
-87.49065380004626
312.8831450657145
8.47838901835672
-409.3283704940166
75.99256326174553
388.51514479592953
-248.05878983831056
-425.67036268817094
359.8969236131142
389.29882525620326
-441.51366855671495
-262.1271786916813
539.6313012364888
192.82615255916107
-560.0651685932175
-73.09348406966404
517.8392434374723
-64.49532312771258
-481.43294669550806
96.67259587908036
369.85541454219475
-143.40412242260012
-250.38116926653504
178.61935745335956
188.49612598806385
-98.12331927550117
-53.706828066303586
40.56204259819817
25.455796459503034
14.46607955287047
-55.18399793483141
-138.4281071132614
57.41689078283017
165.36304241650924
-115.25728130166036
-161.88020792888702
239.9687271556375
174.26066100821978
-280.24990641061123
-71.17626256629815
360.30832950987224
-41.158948871611265
-413.491735976842
131.27413076651231
358.7546178118677
-297.0870566950872
-325.43650548664516
427.42010966285255
250.10705094098506
-469.07626524357113
-112.26737429793755
546.183293104936
3.007838277343342
-533.2518283121351
102.91522502956504
459.5807732289741
-208.7647103429592
-415.61623834195285
233.35195045451314
303.8385893616794
-217.771732438848
-193.67996161177714
221.36651318841527
146.99307856392954
-112.55857719948844
-90.85582386523295
22.196068298227022
63.05770152480345
31.142655437075092
-139.1243465861217
-130.80197401433264
167.1852373714756
165.0035494162573
-232.5082188827968
-128.47496223110952
342.83367503672
107.85639147263488
-373.74271378940466
-7.954962331440911
412.44966415232034
-134.9457380910508
-426.827705521914
205.35266790129788
339.56226451024537
-352.38954534835625
-240.2978011248683
449.81024008779985
153.69016704587114
-455.9541024357728
28.014376765848123
480.18662552571635
-140.5151785260533
-447.61959312019934
212.61621071938012
341.03267189301374
-316.1307521334227
-284.6331840129837
306.6835654565411
195.6190669779328
-270.63178032720265
-90.14649578871517
247.32062360578104
89.69164955450204
-134.51234015707078
-65.07735475867042
26.514717522592623
81.99827047199133
-4.377220966204618
-191.55813364832142
-85.92521267718003
252.88057816228587
96.60689728209746
-317.56347941718377
-10.710144149232718
440.4754080235933
-19.790303367835307
-450.6292501943603
130.7870674826576
434.21324649273674
-265.0451796850832
-430.5067997397307
325.2999319740888
287.2417331085857
-418.9494735315281
-177.6477568382801
482.29037902583724
67.54119354493125
-435.55299347027767
107.91275519962055
404.3486820567597
-211.27662639766567
-356.80128613083514
260.34841684356627
212.2786311957498
-329.42468530551434
-144.68582676190243
315.5932465192849
69.78989658406906
-240.70413908034314
20.222944887067822
211.79856966708388
5.945436964377823
-117.4729857859478
-43.460069665091424
35.9135183561421
80.68383110018729
-27.76871072904904
-197.12663894247981
-7.346939312075689
294.3664211565673
-9.114026210009294
-351.20234150462
117.89489743221394
440.3562489688791
-183.23784271141096
-445.79290061112994
283.27628869702517
394.88577879718645
-412.08020841726534
-361.00478341185163
454.11894616184173
219.8532320573223
-488.1219881135201
-77.05502087016181
525.0312691397291
-17.158354351696566
-426.847260056417
150.54444695366314
355.41111704951095
-252.45346565571555
-273.85814335375085
252.49558497751056
101.44701128469242
-288.47773926881916
-31.034367080714937
254.66932579473604
-8.676179993069582
-157.64403202085245
88.72702861295123
122.990867886368
-45.72261205344849
-63.10778342014981
-19.446826584280963
-18.348373279775984
68.19751454035085
-26.959408330721416
-191.77261509379642
44.87043864913545
288.0768384931535
-95.02095858611492
-310.6823753418543
241.12827081308208
381.87229620663413
-312.2994019170911
-363.2143567732363
416.2983165384835
262.58506144932
-539.2486020240838
-213.9296527951952
546.1282942877576
78.25005273554632
-548.0822906983838
69.10749407233091
531.4451587859263
-134.02457512352353
-420.3563752292566
222.02332707010012
306.05456250904786
-285.8400999561303
-214.27385507843547
238.65400057362308
74.32660634414839
-225.60276795021085
20.99358894535978
171.45531416477417
-29.305622600607123
-61.24626603061465
71.7769458874086
15.309826977836487
-28.52966044955459
17.708330362898415
-54.79504412018844
-69.67900401580087
98.0544507125026
4.299754300334406
-199.70911737820424
67.59475843789245
283.0248755274889
-147.39818009987266
-277.23051286281714
305.23391870075795
277.9241933237946
-413.02033610021266
-227.4898307801662
487.02939652012446
107.49511156844909
-589.3215669233205
-25.474977277127085
584.2827262475731
-90.56797560081313
-545.6823641040071
236.41657501121512
497.193750027099
-274.0945865306196
-372.882973979777
318.790934109259
232.82420758830858
-340.0001510159796
-168.62952889769022
246.72702979378096
52.505581881284755
-196.30422938713517
18.145267835843722
124.09271728637103
4.6367616721019225
8.115523437191925
0.6757973170744247
-39.33771938607092
43.667272116411155
55.75384894476741
-152.52377689278748
-71.36165665194864
186.83533717167245
-17.6104401182205
-243.7547993657184
115.9742131355529
290.15001126845823
-197.0987330456705
-221.69024233908303
344.6753937731548
192.1141426102041
-453.7730949484156
-114.15799925207314
487.9855261660028
-55.34368533739172
-540.9552311646679
157.96300960689481
538.1400256141536
-256.8691399295554
-443.6555666467058
381.01759788465796
391.7241059727637
-393.21966047423325
-271.7664532469235
385.2241240867466
134.7316523621295
-382.3804756638484
-91.11221768498731
272.96192502472013
20.49646854217525
-177.55193158593806
14.843235074083616
115.27750571394591
49.34055510901506
3.563237840395968
-78.98396196866517
-36.283188498156036
135.5574478883473
16.96271594393775
-246.6005582156655
-13.372025015120116
279.6577260758362
-70.20312530323854
-287.4306611928715
188.6946901867097
310.5939724709292
-250.80065552069559
-213.43268507473582
375.06152573711074
110.1928367009787
-459.590363462211
-12.254601915094437
451.92880221647033
-161.92972956739075
-462.93216623477724
283.15857981393725
433.11760926470674
-351.3539874191418
-294.05646445808134
463.0374482495985
223.28803543075324
-463.38910834870995
-121.90421124416126
412.543709311468
-3.2409389903233388
-387.3108977304072
10.154187475418377
272.12094236160016
-33.35588112072863
-161.6392606921125
34.6398402504257
126.70521510610907
57.497789227206084
-28.90962991533838
-125.24248658444645
16.859469096114086
196.05272874270764
-75.08888042456269
-305.895177056149
105.05053599502243
322.4888164687174
-191.4987536666931
-292.8699967106249
320.3271038102394
288.9441117608635
-370.81747061345555
-171.01553984983295
435.179821998323
45.76769319481764
-485.2619453388715
57.61797902663689
427.0596474788464
-230.75630282818705
-395.3647849501229
346.29491973480197
297.24994710342105
-383.2346839826653
-155.89881606663067
448.29199346791023
64.47360672038077
-444.298092257544
18.482480886712796
357.44110402733264
-120.51307036411752
-316.1868097397634
115.2746283865133
217.40863463339517
-79.08986412811855
-125.66117921609006
75.69941979741367
110.80844418776444
57.68473697917477
-72.12726238728644
-146.78114707757598
86.75817243026336
194.44915885876225
-181.76108899961326
-284.42726692617333
244.54227150889074
286.714631675435
-333.46965626345104
-226.75372817184044
448.89166166410786
205.91188482819507
-476.6621472964426
-79.70355305640109
499.06845650914585
-72.3304502304304
-516.3379210463575
158.82424648379722
406.057296830762
-280.85368646700164
-306.9930049285036
375.0118732937667
216.7436052894037
-376.41276178876336
-56.896917521884845
401.83944542390384
-46.61396831395142
-353.1893700044917
107.88424473729418
255.0582859833342
-193.7344189744036
-198.9777264290971
178.54826200903173
130.47476490501023
-115.5444970153408
-50.387494889622445
79.04860270810522
80.26328035277884
31.57830613043581
-93.20709564504162
-127.97760993888328
131.30310995358303
154.83183383700947
-265.5833022968482
-208.93398362145845
352.63467520761407
193.71344156549773
-421.1272536363136
-91.69147588515115
537.7632515931249
43.376422288000754
-550.6015408565955
70.39149433237547
517.2561354527511
-222.49003472063063
-506.52336311416644
280.2397142911078
379.91892833607847
-370.0380768002832
-246.4622084287742
419.40742533593476
146.31402843228742
-376.5048517287593
15.008549537032337
334.24565445672226
-117.75013882439693
-273.99372170646444
132.5279490275511
140.67190730299697
-181.37272906891087
-90.5542577574311
151.43172861354358
37.84002052023344
-67.00290622318145
21.708682803057016
34.26129166191073
33.431557668789594
51.77457784617512
-94.30236680288313
-128.7509608602063
147.81906487786497
112.05805328991734
-289.09556500712563
-108.08182823103213
394.3014731485082
59.407881734817934
-451.2045755080169
62.581741866400826
540.8198333753617
-144.50769550829637
-548.921463793416
253.68526164116562
469.7415213923742
-395.93454372893206
-434.1572971857553
419.3861013937279
301.4638883103616
-449.13204858325827
-146.63320842270753
471.5955836582272
67.46603701668623
-379.4772143055872
55.58997701476582
299.62783037323726
-126.23722167655663
-214.410676462714
101.26832819159078
68.43609526253871
-128.8634535758847
-17.73141043838122
75.81848338229618
-5.357533040669705
20.544927836461312
