20.12172681831621
359.3912406669865
22.027404625353594
178.45277064685024
-565.2204898798541
196.25090849405197
-173.58012476632257
517.4422096958488
-185.65117562333515
-34.31013317529692
-241.19312791193963
-63.26718643650027
288.9945856029335
-105.67882175195219
258.5677912372854
-466.75753092470046
235.43993622811018
-297.0979887791967
377.84502508399083
-89.65771370325778
112.63229005106356
-93.30499583130722
-189.7402186030791
183.14900978990974
-113.29615009135907
456.6852662657211
-336.0108149661694
148.80433900353995
-457.59709194217584
290.532834009418
57.68372437408412
186.85258066091288
-109.06420203936494
-404.7553095646423
124.45424399394233
-87.49116979033539
558.665977414686
-343.2045601667489
69.92868014002674
-465.67406306935015
300.20131172237615
157.25691773561792
150.64376326111406
-55.8733876578947
-401.8251143539406
211.13483568809212
-108.7710359557538
537.0594023145154
-341.2834044765731
126.5448527434715
-376.7292583379715
198.96353714652383
58.76667590147808
53.04406484593811
72.34520113173481
-334.0354437991252
186.64417245716288
-305.7691309636827
435.96641838268647
-217.46855195489135
269.16506817507394
-325.6909278665947
5.505225598315079
-2.4628207168814935
111.41667422778357
318.28123000155074
-287.5671011914127
99.98188363605048
-435.6489848850447
462.19734042779476
-60.48351506822527
316.30449069512804
-381.19546410321976
-164.27208417234343
20.90533556360714
121.04310401185208
385.5410337479903
-377.38107788409354
35.29397708918796
-461.1593731043493
482.13025019797334
-38.56075675371534
259.76991739556297
-323.78934827535363
-147.48677275144328
97.5972812536449
43.09070006423727
382.5568525651957
-340.6044417585811
184.67186894678946
-406.9751367269955
370.79941983206015
-130.29142890249906
248.99458713108703
-130.7860535852171
-125.39232943327235
8.53111504469161
-184.79645329456264
374.0191836386532
-210.96611383488272
293.96915671534657
-488.44450705877296
158.40296367812928
-155.2514253418347
346.29534509011904
72.47740180327763
-173.86129995948428
-85.69090978955833
-281.0671658444596
507.2705255221692
-86.40453691867138
327.9661202028018
-557.8545140821075
69.20609622634201
-82.17706900115563
365.6923412331702
111.22451769120805
-287.7147435642272
-69.53883653412672
-304.5955033622383
507.50183629601753
-151.79209120914203
289.7980924836709
-494.12225614956213
84.91605190168886
-72.38437587223532
239.5361215614234
134.80126785000706
-211.78029732040758
102.55036162082583
-337.2131559825649
390.0257084225471
-216.32382734424093
396.64538935123784
-294.2803637846333
76.78247424564478
-198.62329704180877
40.66151721610218
239.39921732940658
-78.34118746573995
169.90879586681382
-516.9819931651862
225.89781554511592
-203.19553286068344
519.1528070754678
-190.37991161923574
-47.27031210932551
-289.1866220037033
-7.02634644138193
398.38677205912416
-20.854194040677395
171.21625865539735
-582.1253986061679
243.66484382819567
-124.02145474812319
536.0536224915336
-169.78328716524234
-100.03308489215613
-220.38639132063227
-45.199267096069335
379.18078428686437
-129.63287716650117
207.51125400642837
-530.8597575635168
243.6889456661681
-219.46444094812531
385.37166739159284
-120.1746309089865
7.12254135087082
-99.54840524782512
-175.08474572943044
274.33507180283164
-137.12212616085495
404.8559339283153
-373.3188022712639
186.56445444496217
-353.86773936264547
295.6617494784378
68.86199990149159
115.0645535209806
-70.71822322711839
-384.1070314357836
192.91155997473757
-102.7048187935954
537.2985232189129
-376.00146343849076
41.0399619796565
-440.3197821845019
281.71597051444553
189.104587766029
97.02206627634075
-69.56811072330171
-443.69804340503833
261.64213911678917
-75.21780431713661
540.860383841133
-361.2801832750565
67.80424815394355
-337.45431214561967
246.1897419119413
161.8727429201944
16.655276919646017
40.36791663559136
-384.76662498557744
240.72821229727577
-254.66338492889236
433.32326283244925
-287.39101369555476
169.84662061201848
-295.1798944730142
26.301976485340102
58.03486887758171
35.00593928945194
268.5909188539501
-348.72559035221417
153.60337890124248
-392.43934922628824
468.21092840353276
-64.24634402561382
271.4006109511869
-322.05343591309054
-152.25192494933583
98.24952497828568
105.5405936866938
393.5485950514522
-402.82782824806947
39.63702542390954
-449.8413583621716
489.1269361732758
-17.4556548716543
197.2465224953536
-344.47861506486214
-205.1206828917226
163.66094711139382
52.45721842956714
389.6052351181421
-422.136447614514
131.40316892088094
-392.4988612237546
435.13641968218207
-60.95455455648739
188.28446503255785
-158.62770995431492
-166.8664277632228
116.08354362014303
-133.4197515350815
394.78969309353573
-296.24860149302907
261.459252680009
-458.5807014818843
197.581372627965
-122.36704653849976
244.51634244343137
46.98452124605669
-223.7617989035609
-20.53806425937014
-267.40841274808355
507.0359205726664
-125.94279989046194
295.96264638319286
-532.4598238698692
77.18491306549976
-21.445063407297308
346.6633057133605
140.9998017848568
-315.61547120652574
-38.687317620809516
-292.4848317389366
561.7566870316183
-141.70866230570275
242.53745837715022
-525.6821866949977
65.05604103269579
-0.3239879185883643
224.03289225675036
128.3452166795719
-325.229612439822
82.82404541925817
-319.9111999908934
472.10141196338526
-201.45995051868886
314.2977010235903
-334.3392499137409
77.99459824297017
-81.18998290077262
70.1432579372892
245.01953211186807
-164.04213243819683
179.10757673889
-467.29444225866393
286.6228018512561
-198.25069244814495
447.59562398241275
-212.39539518969477
-74.2042904224828
-227.6753171258416
-31.39561574339294
400.74845144855686
-93.82797770032514
175.85824219749423
-585.9722452550371
238.7779172922144
-100.61064468637149
512.9151509086506
-158.89572688688625
-144.81207079430573
-177.3234177844762
-29.201761467009725
467.1633090928766
-139.73883410610725
186.66011125110114
-563.0828952269437
267.64412140522927
-138.37442436402858
399.6889247991471
-136.14983273004532
-114.96171016423051
-78.72804417593248
-156.4366839464435
340.6319371441307
-197.41254549799154
323.77043453049896
-423.29106187847367
205.86978952545672
-264.50581679085707
295.62262772715206
47.66219367635909
38.28391157069637
-15.799951181120939
-339.7214978532483
269.29326088672093
-122.02207328215532
500.8204805111731
-381.240104214753
54.2538764578907
-385.0975770079003
249.76299137430095
193.375720515707
9.471174795752592
-77.72163343239959
-491.5742273607612
290.5111506819931
-78.88192565199395
538.9864836570608
-393.88799281069356
6.928495751938643
-309.4830421527777
258.4190309236846
246.00434054258278
-38.259981157658615
29.272342039330784
-428.72231187575653
318.8635216304642
-165.77978651373746
452.965344217597
-326.87300144446255
94.32374639976491
-259.5028160667039
63.19482008216039
131.98136477561167
-57.548570866416654
216.2301135993241
-404.7072303808321
203.99675939747328
-348.7075993142434
448.4396595440307
-115.96795726858211
185.39330286209292
-273.3939744969625
-131.9972110416822
155.31956356215844
58.49482156237596
403.640762730742
-430.42385775662075
90.27107105501973
-402.9235137932823
510.3700679345844
0.045805208763258776
137.2915202993499
-328.7135786828726
-240.41180534827805
209.3087619089088
35.24492678697999
393.3369454930322
-482.962962296614
87.89227566577365
-366.0256676721497
460.5064842692036
-16.40731084900216
109.85497646826617
-195.04302303877773
-188.16001342317267
221.40653649032885
-87.21159822483455
399.60198622188716
-358.5184124741438
210.29987013236706
-380.0521789766354
261.2773092437579
-57.59806323431742
161.7740558248262
8.257551956782654
-256.16027432705306
72.77506421009679
-271.1729399582563
479.4838717364922
-210.23197894506237
251.17475596300937
-495.4692791201533
96.64118743502038
8.835739731159178
298.48008957901413
158.0085004933913
-354.5989514317018
-2.340651718641009
-284.83761248308554
592.572321588328
-123.43963703490202
212.35495755823473
-535.0292733301463
49.44272545147981
82.71556737979361
221.81317951393314
137.36501967717888
-398.792050648605
65.24944320052379
-304.75004855711296
518.8912273242031
-197.55211044945702
221.9744324339222
-373.29874870206845
57.489723516993976
27.846929152706792
75.23411048280701
243.16214523687822
-259.8966439482314
198.61202237319893
-398.21641156178515
367.3384405291626
-171.5110429745107
373.84370882414464
-221.25357527907067
-78.23125918031535
-121.77951818667616
-47.02853008768836
391.0288535990944
-168.12151437320813
173.87399212290399
-585.8947098133831
263.321632782857
-93.24764520920452
466.14011315901445
-156.99073735221964
-207.65804215937803
-129.26975866772807
-35.870639775576585
510.1852594522074
-155.8081563406464
160.9344689501671
-578.6705579596565
284.51911712149587
-54.75562709655353
395.4877980170077
-135.33158728324872
-205.99607769870565
-47.06557466406872
-120.62116009725143
428.97878019210106
-234.38472705219388
244.5797290730835
-469.5173122768164
223.68766079017104
-182.83300194890631
273.87662930821847
11.412725377635729
-75.6185651378248
15.17225968239968
-310.47351655360444
338.12337613498244
-162.14322888194377
458.4984871235133
-384.46035216865613
75.44556076243273
-290.6329768497475
252.490010140226
216.05068590496467
-32.11433584789158
-25.732242528844008
-485.9743346016099
312.71780970745937
-87.99831192545909
508.9717553801605
-418.82835422662316
-41.66670802361366
-286.6423409792266
243.67020536739193
292.3039267247889
-104.70737417565891
-2.3383168632268028
-469.48584376255803
368.7415431797994
-105.37258164409263
459.2379363482826
-352.77927651526795
26.025717262071545
-193.0509416601989
112.6652502853168
218.32617180281179
-127.68667372334626
165.15370351381364
-421.3806628715421
266.70166761328204
-288.61841452399744
402.24465818419065
-176.92329816921227
108.13292911723798
-228.36469258106445
-112.29164917366658
202.12246932599427
-8.347835066278382
377.07770684267797
-443.8213800290037
130.15355311703289
-344.9161366945726
495.66241054419146
17.836010121203216
112.11674397728004
-287.0243283903818
-245.8460082668057
277.8040454197018
37.93011695063932
393.6771084223129
-529.4943098408183
65.45586048691871
-342.2182092170061
468.1602401541434
20.769927065089224
24.980285021745036
-226.89514230031853
-241.35188607375738
300.6319452902768
-68.19100799855255
390.58572998217704
-428.1602599178712
171.5108833945281
-321.085079150473
322.7370717610073
-2.467722030875084
90.40675072071129
-15.211584227006856
-268.2633946241258
164.78733480407257
-234.6052836536178
446.0331168401298
-270.7810313813213
219.9055134786611
-444.33310069682074
109.9929029799491
26.45691559767888
197.59251581330636
139.370984816993
-387.32711796083134
66.92372447069448
-267.50467353835614
587.9398199342489
-121.10031389786835
186.65268853245254
-490.9286995753301
44.150562172167284
150.2686755041178
210.9052299917153
166.04918551101258
-463.12452006382006
88.88685390340493
-271.9083821725927
565.6984097007345
-190.3735309748834
139.1626297060282
-412.5825397687763
31.565205568807755
117.97387719291444
60.878798784342315
205.60909538051453
-366.69681345871936
197.946470664337
-346.2669978078333
433.3468501712774
-176.61620984834752
284.25455313508917
-227.72833226734048
-59.90726079181905
-11.387197418806434
-41.71617301769564
388.74174847599744
-229.9610866525337
192.52660835454154
-531.5535889794475
285.6902562051789
-90.99597759558777
392.1801147618179
-168.4465462014254
-239.51727704500706
-92.53907409313567
-60.04486795187759
517.2141647131676
-206.5884035021628
143.8426731142682
-578.5473508950413
291.1480214294797
21.42748144872027
379.6764328483452
-122.53910808182621
-266.50095557383446
-1.1247658539399876
-94.75856806113946
492.37648907029006
-256.7702691604047
180.5112475574216
-493.74512989125424
243.74328757094358
-88.53634816563688
225.32460489601692
-23.304377175373226
-185.7213688348215
60.83643128821367
-265.8042747406809
390.22903811827
-211.84000914860772
380.60524672924697
-392.9912205347414
106.74030411294547
-196.20128444902903
220.1868676533249
207.64260013739116
-96.77640718223637
25.276541605222807
-459.84465893090544
365.6059053021802
-102.4828097940508
468.9789041521329
-410.3919969071702
-60.391991693640264
-238.6085670719705
225.68151745611786
306.62728843251995
-158.45420945770167
-23.771520622271282
-508.97358360197023
406.3971223579077
-72.09422490107274
451.13766589549607
-374.6642759629382
-29.912363802498874
-125.17766256569728
155.16882583767313
295.0147511580164
-178.52480650891349
128.31121723515892
-442.6814241459627
336.85131134195933
-213.33604782075673
364.769461187634
-234.43165612772378
26.600330961396534
-155.8616101119918
-90.54780978365704
237.3352774174536
-101.61373075999249
310.12437826436013
-456.9866281797438
165.1254805247984
-308.09899121313305
452.2266279957011
1.0976367247804886
51.33425302832819
-218.16539151107563
-235.2577667689572
327.63673224129667
8.024786795320349
403.7139503450287
-534.0902621040236
66.10416240483258
-302.09781781941416
484.62553711105386
55.35058187969318
-52.56898065251651
-224.69907838509536
-278.95305805043165
367.17535280482207
-59.7926775532541
368.78165176878935
-507.1967195543951
131.5497780133163
-253.7354273221557
362.1240977689542
35.705845235653236
-3.4879897939405886
-21.27767409576081
-274.9317015890839
283.3769795226461
-201.13428509591594
437.3367355928698
-328.3852761548329
196.82806088106827
-360.73447192043335
134.44356200333254
49.644671038059535
100.9020511556106
114.82644550759787
-413.4259502335927
114.58393631253378
-284.3521944044296
558.7203314257702
-179.3386457491358
146.09944572763968
-442.5225746871739
43.224565065487994
203.81617803232737
178.41104766435993
180.01223281165835
-506.6113175772265
118.15481981263794
-237.23254005836648
601.3303456781035
-181.23196969541198
81.78592318132608
-410.97498768807367
14.143726151676162
202.84660210168659
55.05330039366361
190.5259427491529
-462.19622617388546
198.19771555029868
-301.2584247917066
461.658130547303
-187.00618581808033
176.5386664013632
-233.05118222130366
-62.63185308729906
98.3483413664307
-49.02789909454452
362.95445889718883
-304.0005564980916
210.26046593200059
-455.82899096619053
318.3402004706269
-77.56835760171326
307.87457420262047
-147.01609368777508
-252.4323057735717
-10.717289019590176
-85.25834267996805
517.0119477906803
-260.37622057263127
125.8401774077213
-572.9980528199808
286.50462177244015
40.95027644273146
332.2954674475231
-124.88802203904702
-320.03645131431404
43.02596705550843
-66.30166391891146
564.0862187524586
-276.59814167254433
133.198451108434
-493.1478667053705
280.58146216601153
-0.5626702845496876
212.1306344741215
-54.49742661624959
-276.0201088423869
102.4618821261952
-222.73246209100301
434.91120294119804
-272.00321875627696
275.8839941714078
-404.07809170291154
138.58547371407906
-124.2366885715349
175.59007994622326
170.75720394691868
-170.07199766358957
84.66114931038888
-401.10240982053
396.4209187558711
-120.40938805127642
429.66180172569625
-391.81309620724124
-48.64087159265425
-171.8583235199921
197.22842674470425
329.4071718971875
-217.69484043951798
-1.8411870385647982
-522.4830470795678
432.7305863365085
-63.701171432110286
406.1954669606009
-407.426585025341
-100.22178487074257
-79.05267538722543
161.12553611705192
348.0935229212945
-248.99163947497806
93.97887527463608
-450.5977369095349
426.11152711996044
-130.91113280425463
362.1244107405342
-268.9979889646008
-36.25292297417339
-72.35318060686122
-45.08903113270983
297.6869925360563
-196.73390672305428
264.75112194218605
-466.0974888139371
223.3172486303406
-264.2372881072909
385.22401734332317
-43.50971963279808
-10.827991907362023
-158.25895248596012
-231.3267010191581
360.82399628511024
-40.05169633422244
390.5701989889771
-525.8807696266982
96.01509428603863
-239.2501256283289
466.4508624287246
75.01138948645242
-93.78202530091338
-199.99108499540702
-291.3401085607176
419.1823235417159
-60.32630975845959
350.8869064394628
-557.2090137478789
96.58068302667566
-202.51104012411298
379.03725129467585
54.026960084639995
-109.70614411638284
-43.48982367403956
-285.0364430232592
376.0063969457353
-165.52623448022746
402.62709329155564
-380.7357399344687
166.9918768166824
-255.14282282784694
185.92103385541927
95.60096661776745
11.252520054799682
115.0446523533068
-395.47249892838954
200.68023774113857
-266.38957865745294
500.5475286196248
-227.87488887864424
107.9651305847035
-402.96256832281637
28.849761448783795
217.26438574193853
106.28088363613008
179.73484795038001
-516.9592981917036
148.08456101647016
-203.83456719592857
602.6329780873713
-152.93524275620894
45.02723855026118
-381.1636269371751
18.800744232813454
295.86398934534975
37.672368908884906
179.25921418801997
-530.5336807834483
186.77392667902993
-240.02557308118188
493.17704828551217
-192.28434060748523
56.62116943352518
-250.0948402712896
-55.266402494328915
210.01155203617108
-71.6184455009829
306.561794484923
-373.45163038007024
231.26850566164384
-384.4773649768677
362.3537903266633
-84.4987360265519
226.2480243207986
-125.7265531806248
-232.88813230880587
79.96856314171785
-109.52656116995888
487.7429320529376
-301.36346414071704
128.61538408599236
-527.8180450210947
282.9648281642578
49.85814337272903
272.24535427276044
-125.93370222778326
-368.24731958044674
83.54468158686161
-59.086096428458205
582.0673368294475
-312.17562664864124
103.95899314149983
-479.35945822824056
306.55574599358755
100.65683160835606
195.50193840898743
-62.83641695563898
-353.413034826563
160.45484743327117
-168.54675805046054
486.19948533349066
-313.0990583178486
187.09369848401425
-401.9223502719741
160.47336286981496
-34.91358857204005
112.45841514787651
120.47349913640652
-247.4453377188215
136.20795311803818
-364.1707263359564
428.7578149352906
-159.81030532207916
356.51994429781314
-352.01682922949794
-18.81779718709454
-72.50948289887457
161.4027414856561
340.4794746335589
-257.27459648061284
37.94423192841763
-485.01259114278275
449.18826968220975
-62.00540673082681
356.6043068962547
-407.8344258966703
-147.6738252629746
-44.395185597558694
153.12648523459535
374.6200300971617
-318.4558500281196
62.8986248267283
-462.3715595409918
461.5209905467761
-66.18228791090415
318.6956412742565
-292.5058556133676
-81.01227088905365
20.403368939708795
13.620806443869668
338.1623941022704
-278.6674017609262
209.54512062232894
-446.42128208841376
291.8049737838663
-207.2533255885342
314.9001561494987
-101.66910477905071
-76.259910422061
-82.97772848584752
-218.17787602561384
359.7303830396527
-116.3604560861283
350.122819076091
-526.9343934703727
125.75557130184536
-190.47401312683542
424.7196865101162
90.95494270116673
-137.5545830353838
-142.94926745658944
-288.858105709546
474.69842710822945
-63.361218576046426
337.9450108127004
-573.2084749522339
66.09563305594402
-152.0443827890741
377.4552425544213
81.4474626780703
-208.2403876012162
-74.8692486135106
-293.2972291923779
450.23232987566314
-163.43332544861138
343.24518047055494
-444.0553507164571
136.04546716024922
-158.909492987618
206.03087639504955
124.98425120219747
-98.80709592447585
101.76403767671677
-370.8301811559459
293.0350849886538
-235.50298955835618
455.11216488783924
-260.2477518425441
87.3420484821857
-320.1279971828142
21.9341287243302
230.93270783108287
20.35576231879807
169.900152234571
-528.8911485006865
170.92705843100467
-214.4278072663888
573.3784538895053
-170.05466154901757
-7.165134598966814
-340.5936347880714
9.54492783642073
