32.121726818316205
48.37279161586166
-178.9708025051673
21.380726686526756
329.629637746571
-150.12446440809083
-426.4178940136064
189.55479183059546
390.2431544998892
-282.5650975584214
-305.19792903040195
287.1301868259643
217.94082470944446
-182.88556456493927
-42.72113906725167
60.758571167935024
-45.02230563308059
98.2416945857011
60.109731897102016
-320.5203606489455
-91.4826999439623
436.32676617700594
18.143171842248393
-481.29471484521696
95.21583054153741
494.0683112693434
-106.75577990637645
-364.2841786551643
126.34899986455761
199.54522572141758
-96.54792776959304
-68.18659682615358
-73.42577203474633
-113.82957962149756
206.74865929139332
196.4298938978107
-351.28977134944245
-175.85959412854996
512.4235336716677
177.27034473241136
-526.1434978141068
-106.91402937794895
455.74206623621603
11.263000495566324
-372.8034784069583
-16.954003885357317
166.76368246772282
49.76682562957046
48.381094752347295
-90.60721997675054
-174.69433814880261
256.1007309644622
307.2019995063344
-379.48450451682976
-361.4677595212072
441.8047578476947
289.83014666762085
-497.71215968836043
-236.15782127238631
433.310244981329
157.35274118687616
-252.25105938221114
-59.1977721238286
101.75404490425834
86.89679340062284
122.12165319052285
-131.28603621010566
-322.7419745798789
196.52309062908225
399.88405987122314
-324.6327521742528
-463.5452308803264
391.86138497464407
445.9539171838714
-363.79805232152364
-312.46796092353986
333.59797208857947
210.96162016805118
-191.7284445068683
-124.48953285661882
-37.07797830524586
33.57438460014339
206.40885568103278
-61.85690768511805
-386.28368585469576
134.28885912148667
528.6553035147698
-164.57821712837134
-517.2885398562954
258.9092282292827
471.4536044769496
-278.4543417208903
-375.56161735652057
180.06369855665994
186.24459914705287
-87.93832574903021
-61.05289375091366
-74.90496504423331
-4.911633885222421
305.8394095188082
68.61779538582998
-423.48902441253415
-25.366402176127128
519.5267883764766
-67.39095640147227
-561.1502831428114
87.38011859960656
442.68106390255895
-131.80539318660917
-296.9751796561571
118.40557173575927
159.1964289419354
12.421503565966654
38.48598802804105
-125.46569006902335
-165.67642837831315
262.5642414338905
163.71597532790486
-431.1121598220779
-187.77596476611714
484.82131754526404
115.33497939801376
-450.0738497480193
5.5146168105944025
392.04127203796526
-10.373480411889819
-204.27333308274996
36.2860664400446
0.02038746174017181
-13.368587998308431
131.48983848447722
-123.20986314040309
-295.4854828386998
232.23106456303734
357.0500465057312
-308.08687183700056
-285.95948682786684
393.4926445620932
240.0053879702534
-363.27382456911744
-133.6675401597652
235.00744960761162
-1.133356254949013
-109.14284490095494
31.222291160836086
-95.80827478363724
-22.658270186846604
301.05491177041665
5.933369329840231
-376.42471398571195
116.14390019942319
431.76851992751625
-196.41638350629728
-412.77996884569814
212.70503218650313
271.93883760519014
-228.76807617975192
-151.26313825402926
133.5470061807234
22.106414663639388
47.5187898282674
109.8714947700249
-186.26764707614606
-130.81450313765748
357.90886266445835
92.95803585917773
-489.2045450191932
-69.9007037621529
490.66226749405774
-41.788079165571645
-430.0202091346584
97.916915417845
332.5658823311081
-51.92701287754818
-102.06342737570243
14.407102893671599
-53.633453904199385
95.79640671187079
173.1848020349287
-284.9847007578071
-288.99640977737226
386.45365252413535
269.4094768881842
-457.7435232604527
-188.59400000929946
503.58606312098146
152.59696880731724
-387.4160052625699
-59.30159242253887
230.5237274117855
17.276617173566795
-66.30084847509657
-72.7780784153777
-161.87887550540245
144.5922198423897
313.93588357188366
-231.4016640359396
-372.82527391005294
385.2420514438994
426.23841916557495
-419.02005889669016
-350.9075772306585
388.52114663847505
234.3752479428258
-345.7795915670625
-173.50475923129508
137.88824127858504
83.63376416085083
65.5539685071619
-34.4933564358321
-237.07420196863447
118.54831206318481
433.16812815921384
-191.61620901443402
-529.0920276396924
245.80291242574128
487.2638822112053
-332.303862752347
-433.86651397952863
300.05087712289253
329.2143339736279
-182.92259557313605
-140.68473919760288
71.57982526620319
69.74557479593254
155.64269602893287
-24.77838134813893
-359.8557172954377
-13.928124978129297
466.3716602004185
-74.50024852436084
-563.1383278338639
142.62289219562888
576.1306791319118
-151.9766494690656
-434.0418730838655
180.52668829556774
297.71621185054295
-120.07102380116258
-145.33640185214185
-54.281920776981345
-35.279274126177945
181.25397200106704
86.12282774325536
-364.0542047027621
-98.69509799759402
521.9156904212691
104.6650605535465
-524.5875248958923
-17.156334811642033
510.4892534440296
-60.28442037000581
-437.1189633803119
52.68616712041259
210.72467447313807
-46.49028422109018
-24.83503815537334
-43.3811237399418
-101.62459943369115
213.79345012091383
251.1283700339592
-327.55303103684906
-258.86653778573424
420.2111486052273
204.3882088975522
-489.9123211680384
-163.62114896614926
413.9777277082035
55.92689989524858
-291.4125088446812
30.12832633740807
148.89703133008518
9.831578810174701
98.36403263498518
-33.886260776473485
-262.8555904947432
98.67132864166018
338.85202136793043
-254.80709395250688
-391.0950860359997
305.41041262986755
335.7845152785525
-323.190708569168
-196.87645751557721
316.29871304691306
118.64566075486377
-163.7695782310317
-0.2220884864656123
-24.825262927282985
-82.35708699276255
166.72062179228584
36.62065760481986
-357.05854031663256
1.0360377614108396
459.6253152933431
-62.87318022701256
-429.1471998547508
179.7537981073294
386.64945521833357
-184.11824864798956
-247.71918282190293
122.0922984717793
56.32631853711245
-73.71380244559548
46.88412597320272
-94.49655480821711
-145.3994152313225
283.1446600943839
214.07595753891346
-385.08796432709295
-136.01804521521925
481.40391005517415
82.3906131213065
-487.69039737127866
-17.325360731879694
349.54482990313454
-50.12304791952094
-210.55154645753836
34.38514742705686
29.050187318403346
60.32500081695065
178.72716212317988
-134.5185561632322
-281.30212014514507
282.0749778525683
323.97000844059534
-420.0376289143118
-332.3113198757774
424.7500770588564
238.62342161111982
-407.7727367972651
-127.88829408006787
316.6713064854877
95.3625607895816
-94.69061754451445
-33.855322875911874
-96.30788636199141
44.077338388592636
241.17215161223905
-175.94064317796966
-433.8086425887857
232.54962645491602
466.2275436231334
-307.94757934887866
-424.78335109397324
378.4218036386372
376.68982910088846
-301.8175494262741
-231.46873137624846
181.53708379576724
109.06399522734593
-37.71966509720109
-72.79882281439251
-197.75912792750728
24.264138669148494
380.35592601476
-49.303382128724685
-485.25597858713707
156.17077417591526
570.9716942297898
-197.3450409074968
-520.2960797160068
202.82076280803727
387.1789283095234
-219.24249471225463
-272.49328799547783
84.17553463912354
98.4014385849655
90.09447261828882
28.34983991895728
-235.87029737678455
-41.67866745655647
446.08204890801926
48.05383578773389
-552.6309875156536
-20.839724119051205
568.6928760885785
-83.71191683068807
-545.452456591468
100.99729797604768
407.7017438315194
-63.63298658869013
-198.7287602692394
27.17122120046033
52.77492040273254
123.6389340766756
94.90428596268026
-300.11223793936114
-212.2056721520758
400.65076304589155
170.12114585074178
-515.5948229220309
-139.5747440676109
556.6694700326476
90.79798554597542
-436.71226960541804
-2.5991261482143617
325.8738644965224
-18.127895086362916
-129.11686047078592
-53.57058498366858
-94.44421734057552
97.68829438794342
224.90547222764087
-232.59220107671015
-297.639960464962
363.06274276669956
341.1835198280973
-404.7919138462403
-247.67886875216274
426.4411959094323
162.79651702712786
-364.4629356587372
-92.68751785681827
169.0574565068678
-16.311295304958954
-12.518371922671342
23.170879150201998
-162.39436267993796
54.79215899370668
356.94521021624683
-105.88489423050304
-416.69443361612906
206.02757611194926
402.17371284416
-306.70315665722114
-355.3153052456067
273.6881172228061
199.29883549549325
-210.7136424716078
-42.021194181568134
109.68071083674681
-14.315386742966377
111.41777822900602
105.38262326867569
-278.83817044208905
-98.7906063896229
389.5079387865499
5.6819624658935535
-477.7974150625124
49.437220921825585
438.88051123282213
-109.67425109931777
-307.36257366891994
159.31078193865486
198.8245283413354
-86.07780935983658
-3.907349649729807
-31.705007906917682
-151.84042992814008
135.10306873855652
208.73526298629986
-317.4907369415559
-242.037808938295
437.07920264267614
209.55999486087816
-438.42879093367327
-87.97426914241987
420.589984479765
31.134726919989625
-295.0798753736903
-11.334654654845686
82.678512673966
-22.920898868298657
79.1772436584148
-67.10178321452348
-250.0227132593524
197.50950979968124
393.3585499765412
-264.35887760606346
-371.73949165647934
372.50334126560756
337.5848821388318
-394.8480905304916
-275.86770509551616
299.7815984142871
116.14537561103252
-201.26739881502218
-52.80198112969789
8.467813214692345
50.75987232198887
225.5080516284475
-33.54806065364491
-368.2666470867493
120.56851146757754
477.08221306776386
-215.35436355726063
-526.3065032620224
247.7825127655555
436.174461909024
-271.99989546065524
-318.2477309395862
228.58223599214097
219.79307174931304
-62.94687083918619
-61.07306815254472
-103.14278250329879
-29.584305426525614
276.60373359416474
1.333152208858982
-496.7840834813223
-4.603305405140895
556.0498458557513
-64.26819705846395
-554.6287203280599
151.4023239121474
513.3944361669658
-125.05804827758203
-347.88807288499453
89.57980776880308
169.07108027246116
-3.632035455791556
-40.98344244873121
-201.05942288089614
-97.35000408088543
351.2590737801461
153.2284271647809
-468.1389419974768
-102.2587162049577
596.1401999403234
87.79596204011773
-568.9929797572597
-23.145952936113265
453.1750527556169
-44.39882208288551
-318.2246458028003
3.5267005546863786
105.04809834505775
85.50311780098123
104.13733239565845
-161.42968548839946
-192.93514447086577
345.02832636950757
275.08156564220593
-464.1409860690133
-284.5181045194579
490.3908732706255
176.00644705557747
-511.26117889200486
-117.11673540927376
387.8347596962554
63.69310698011449
-191.52181927564442
1.9747259043781007
8.24378420168534
56.15105105432474
178.29627714254528
-154.80404493897936
-342.22332555797146
221.70109713112447
369.065737067883
-359.58458418588987
-357.2985761052006
400.4495817375992
306.579844051536
-336.6513003660039
-152.89874533870756
276.84659461326845
55.37866952564088
-106.82533890425275
-13.821753302074523
-125.90582680038831
-26.046871089112408
275.22718126843813
-39.41848880242645
-378.03495525066205
137.14740233345358
482.84502347864924
-179.60400724822736
-406.79343352182235
237.23158331610358
301.63232286813314
-241.5865300812947
-176.3994104332084
116.52289498169844
4.625846974115792
5.69803914846168
99.93941082260598
-159.80652891285627
-107.98273864640365
362.8960331950501
131.59881371516363
-443.85631377129926
-62.65874721370593
457.11018272345024
-48.507848051875484
-421.7451807301387
63.4378853671633
266.4124265694441
-100.91321178711904
-82.26998140264554
62.63844664487105
-54.47161770211558
93.13301930124437
225.41330116370273
-199.35762904023963
-298.24253791605895
313.56878872997834
256.9489551491461
-423.9466110362918
-235.48357024288848
420.7572406496395
135.57466316361268
-318.08341204685075
-24.5930482366744
202.52192710995496
8.036140469862136
8.801136914436142
-22.28696205577951
-214.38880603187627
46.13575725438154
335.24240023987034
-175.82771053868782
-435.66353149794577
262.87659408222135
440.83249656846596
-291.646111230379
-334.37241655476436
332.57131976284745
235.84775418094736
-232.47469228082457
-140.80987703205255
53.79795825831819
0.8678347427564566
110.70949395459326
6.583869925464711
-305.3919053687318
25.794073179358445
490.2442897524011
-56.498073220609434
-523.5541730863783
156.9417364673038
516.2425521861861
-208.47314500747058
-448.7205915789025
162.42469818552578
257.64440495971235
-112.73841540549215
-125.08992378025995
-24.847414531892767
18.378985474755897
244.34670053531445
99.17546582449434
-375.88614105578887
-102.69296462313754
516.8503721308424
29.361533293965344
-611.551042973935
-21.681609743304854
534.2205716446249
-46.90286173262783
-417.35572630419733
85.92379473234064
289.650963521199
16.308463880914204
-58.54244738396894
-99.11845745690309
-97.65356877129022
239.11971554454408
164.39675344818764
-431.7474414025993
-259.4557793301608
510.96564020624015
202.11702238170807
-537.3758007973263
-114.79390959258814
529.4910459921332
92.56014161021811
-372.72749032181804
-34.76451308201889
161.77705789669136
27.548058411266467
-3.1713086445968997
-137.98483980673535
-211.17758296063982
240.00889057720974
329.89776795442435
-334.49995599185763
-329.70229273770224
467.08985970984304
334.39668145870996
-474.0820508345561
-256.13629359237024
403.0467512521666
126.98711730630129
-303.1910311550423
-77.79920175124165
85.94506673895684
54.99656881772787
141.70658868669955
-52.823927336062084
-278.3431043272614
160.5418236078731
417.90396743402175
-250.99764240294155
-463.2098991700156
296.26305411387347
377.04249574280675
-357.627256046741
-292.4423396788032
286.2450014039487
175.96560331654072
-136.8320568180971
-7.061351778222766
-0.4333014925181349
-22.882188573625985
194.39570185010282
28.923279839603477
-392.16979989588316
-22.403720283560332
443.50929316484263
-105.69694677165816
-474.8141034430556
170.04027639682252
426.91195174817756
-155.5859055949658
-247.90298741100483
171.825229243074
102.9191840578555
-73.75502898411574
17.394585471181735
-103.73401380888525
-174.21956277495596
232.37340317584355
177.96995069945729
-369.005125928705
-135.89314558776323
479.1492131246477
104.70528795063716
-425.77161426917604
7.076850376235111
345.7899956065718
-57.28965886512351
-217.86890983772756
35.43225940789968
-17.927459847808525
-7.310910169522937
174.00864342297567
-96.7521099854485
-275.7259496182735
248.40366798337766
363.65879171538495
-331.3170320697647
-322.11669357770927
365.96423149183147
204.7547453497371
-377.40055263643416
-143.40330177127416
241.9415974435992
31.682051074306568
-57.93589406965379
37.59224140932404
-86.86541168226748
11.75188850812284
312.4944588665605
-59.78344613073409
-442.4338509822232
119.69836392737164
447.69348838761186
-246.7802727845912
-439.65236277211744
254.96146483420594
336.007979967978
-202.36581757653133
-165.96186441893926
138.11890007372662
77.35418465556535
42.37837587370087
12.636916712069445
-248.10405600446674
-90.40274798652176
381.57237683098833
32.24717483399646
-521.7584680359946
29.953263479889635
567.6480669224873
-64.68228355396862
-477.0821166575919
139.31701825055185
363.83312599290315
-100.02802681234274
-218.6728356851602
-13.40765117127737
7.0512626532800144
118.37380319716468
84.36230127128438
-298.68276414869104
-157.39814978702722
468.76996879711106
203.47888090542233
-538.0375230293723
-116.23762129440263
563.8459195065157
50.443749795395334
-503.98836681067667
-43.71970177598591
322.72527923424946
-6.226918776100274
-141.31559611645062
-55.40496090304546
-26.902740077785687
200.2508041928878
221.62399584434337
-293.81969001576624
-294.35201188801193
421.2609508584107
288.62021696432674
-522.3023760833008
-285.4158811325851
499.4729211843604
176.3922018790832
-418.1845792332992
-89.45696199368375
279.2550456010392
102.48235167271686
-35.79939102375745
-69.01267908946627
-158.14922832215987
130.75605314364267
293.43911887980903
-269.98252322511127
-423.88643717347594
337.33220527810306
420.58839558922534
-397.0912079454145
-337.46071493561067
425.5300880982949
275.9304821272938
-301.4211608447777
-147.3174943821593
142.1552537397561
42.769688383932746
19.975313966510953
-52.29682034706482
-255.89667314312896
64.3243380809018
409.01103245599177
-108.47531564347138
-456.7912405003796
234.92501589625036
499.2911375752897
-258.58688516613773
-400.88663644553634
237.19025613406808
238.9168283174167
-203.14618832560532
-132.142605600581
46.326289531291664
-1.3312380915213882
142.9304565542603
100.07348298988552
-276.2129002324693
-59.883636414638204
444.71419822605935
24.209747013990324
-500.31288055016626
30.28724154686682
448.85716897947015
-127.1783101681559
-373.7100703532907
132.00223929559064
218.10095939473126
-68.06466063033594
-9.40714026979597
8.556445028661997
-115.09852518544969
148.38803604860487
200.2772320187891
-312.8782317553017
-257.9802643020757
387.9346046571595
169.31043415563045
-436.02559720495987
-87.50519230891311
420.78494654279416
46.42278836627653
-251.93348261364224
46.478533001203644
101.6626406504988
-44.22091780834601
75.99593435874196
-36.84771577747582
-279.65743430835283
102.83379784467982
351.3809230540236
-221.98028617576477
-365.57690590330094
343.98498849116277
352.1008686232264
-324.7996799035618
-215.31142007134753
276.34385212894887
71.74434320860377
-175.88125396297545
-37.00460453590893
-39.15799219024611
-55.379888111121495
213.26145217347792
49.21620097603118
-364.24048940172383
49.68868682323028
496.00063403626007
-96.47824928801104
-485.41569225568327
162.64321185204733
389.6262141454202
-210.12484266279446
-306.5614881697293
144.9029314788869
125.17690347433869
-13.361124666791824
38.16459733599756
-114.8808923707418
-80.76329016300247
327.54427029040454
137.73422638143285
-468.51816586278414
-120.9656653033827
512.3675974631965
11.661914234603733
-541.4839540342938
16.88011580064489
452.90423255314306
-31.516981681911275
-259.79504553600617
46.75997853302645
106.54713668561203
66.58190270249429
78.23097263780008
-220.1208848576947
-221.1545557591712
331.1907672276522
239.33783217799234
-480.9743877803376
-245.67366980005238
540.7214049807473
215.89974901601946
-479.7377086347341
-90.8846249036488
404.1223146538876
64.46934692641705
-234.00614815097506
-73.09397156490044
-2.889338070275352
88.54046536434753
163.07086405697189
-207.5955578969712
-307.7965187564684
349.76518923463004
407.6927819022856
-400.0661564193585
-363.75801188161836
466.3648223366994
301.3563308973527
-450.75109138550954
-235.4356064271565
291.21299371839694
109.52477054072854
-127.38040150962051
-61.880788428290465
-66.01735309040106
111.53501580491472
302.51523519218784
-135.4259795923933
-424.3311132457091
224.78818081729457
467.3506572094953
-335.1265457045792
-483.9458468460458
320.7282026012016
363.43362599843215
-303.7111272753193
-230.96414509682933
209.69061217891624
148.41113540793228
-8.375622911855551
-33.99630311566707
-173.3103115514769
-12.224709342337519
328.4713173793273
-47.77939327607031
-504.4835736492572
81.16055455337693
526.3170609650366
-149.84000096344602
-463.62364540503836
226.02684901256245
392.5482895553473
-173.50383317812882
-209.5627247445099
89.26745709803839
29.90849095768496
20.348188370030147
52.74736360103945
-219.3501254011506
-134.80983477991194
365.7159992176574
142.87724340624348
-448.4769925499403
-46.26223415410273
515.0276041425203
-15.342709982579837
-441.7983971328731
49.92684412229716
269.5050898042551
-110.77840356690788
-141.79592810309356
32.90481999270047
-53.571028294483106
87.50830712763756
229.3935979113217
-178.96965153969157
-267.02134678992695
336.20697401459404
283.19710884392725
-418.27649275255516
-234.25971304259022
379.7824031600752
89.08413556235797
-352.8393965973965
-26.542094984348854
198.8626662937394
-10.685240685708163
21.544927836376036
