18.12172681831621
444.8581919059084
-97.90057582953673
319.37669868928504
-406.8778364709559
-201.31819273954144
221.90577881580668
-170.25023274140239
471.8295875635302
-191.32524358327655
-96.34046185756175
78.0877118862866
-403.46512034017417
324.1386166286372
-115.70520844406983
104.4208166913706
265.7348010381672
-421.7573897732867
134.7990698741346
-310.8771243684765
85.70337666538228
462.9973612061351
-174.62067544215702
219.87550107691763
-449.1949282019137
-148.22756402283116
349.8660179135666
-64.21188417921594
456.5702311418534
-307.39546307756757
-239.05822831892112
107.55546094193669
-248.1964886386664
480.5941791951209
-110.19244463883086
-53.21040453317008
102.95239984021418
-436.10362604674145
274.75469338889076
-159.63739729434567
92.46056549322559
332.07059904752947
-332.6160732817466
173.29763193248417
-379.496703069273
-47.18769998468405
419.00658619186436
-81.1433274677988
358.3037100784116
-393.0668867416376
-253.86267670830324
211.61162042761356
-109.98986026958772
549.6994016233274
-172.70968897564003
-208.92500823588446
42.89069525456269
-344.7860474017615
449.1295805092492
-48.17470576163455
2.18360232630201
165.4143955847964
-439.2618610569883
219.72930609117464
-214.55609539954682
38.90262957316047
373.04276074391004
-233.959079571573
254.41299859635544
-393.3447638259437
-178.57490423970688
315.9689550868601
-74.87401871267038
494.01940156451235
-269.18236528781694
-301.0990898089847
79.67787331276483
-212.28114912933896
576.8167347166847
-32.20368895991724
-130.75413825422
23.59808058423522
-447.91583750107736
371.8151193623325
-40.1065725109092
52.2741633251087
223.0568401870058
-413.1223639711392
204.36272510161672
-256.76349057189435
-33.169194022272066
352.4958184815019
-185.35243823538204
342.21035896340084
-326.1389436250925
-254.2899909861485
189.7557734236608
-136.94590606949106
568.29088152398
-109.68234934695454
-246.23307274178796
3.081271647903595
-360.15131451660375
525.1360977702847
52.59271854335784
-17.022477606611176
77.197389515841
-517.9706314844474
272.95836866547427
-72.37156720387806
59.67099345876125
292.87349809575335
-362.0572652250994
214.2051899593662
-280.2723345977745
-127.2456060788579
295.7340910692698
-181.88481521020194
443.4827754635273
-217.9693686113768
-271.26705613214534
74.58282732287338
-251.77810435702736
586.2461567861583
21.79510349971816
-125.868061991078
-3.094622131638607
-495.73186183866596
400.3253648906027
89.07506553429685
84.7882618666277
169.11282998734654
-529.8865027673414
192.3563375615735
-129.74244288057844
39.84798486397582
338.2651279199354
-317.7397804257763
263.4922949000683
-266.0464779602574
-183.7120721077951
219.35395167448553
-212.37999134008632
494.4508875882922
-89.16945664481324
-217.72645446251389
17.119680104500734
-399.0906572698378
502.7405416002713
123.9914211996047
5.734809176813725
49.166402323283805
-576.1368293369027
273.39031564361426
41.31092599856761
145.5845915215641
291.35270003568115
-478.96167904131937
140.34989168829716
-207.89495820094058
-17.003409221150218
342.9898398287401
-268.9514134989327
310.66297024826264
-214.2789837516654
-209.65726212576317
154.31380549200267
-298.86715769244375
496.5553120790827
10.287522725152677
-118.72383432366442
32.40098351175209
-512.8617025520102
366.97493184975013
130.91216269796337
126.9259127235172
201.1962438700533
-590.2487953502089
136.64965218105544
-63.188145570411486
135.51121827825793
399.93989177511327
-389.64051729627823
145.9650210609461
-254.43930375297379
-93.50430403582465
329.7420302400895
-253.4770708462723
359.4070116381972
-146.16501363759483
-187.41789082855644
110.85163674308286
-388.79551179688895
427.5951651949225
86.36074046213197
-5.112771315801938
114.1353333257269
-588.3562779345677
219.65731260135559
66.42912185702185
188.04565776660152
353.7120743472521
-521.0040735553251
66.38547446484425
-189.85475483363925
62.830478299046
452.47532195712796
-296.9461221360738
179.6673967900816
-259.91804660555357
-165.7901505919878
275.0463058908136
-265.19100063411946
377.607618401729
-78.89336256527294
-139.29368051967782
117.15318067139556
-483.806712757715
324.5758907866126
81.77129768792791
105.58359627726627
245.82439741900262
-569.3247007267771
89.46730687149847
-69.7256611261018
183.36522644595027
478.2926466850485
-392.64420683882315
50.57191114937424
-286.3553491633363
-44.545302495490425
463.4249876009902
-207.20774907072
270.00702031002106
-242.8666381002003
-221.87915974238695
223.3127769981806
-316.802311387977
362.1598341721415
-13.529887753194355
-81.05279376297023
164.09585091368513
-523.8944495621082
195.43969019982725
12.792463701105714
138.8702650171508
389.1610193728919
-491.6938550521801
34.45527321653321
-209.03314509044705
72.25516833716463
549.4458134380164
-262.3039360539222
133.95589045447446
-331.99073687657284
-182.2947683661383
415.7307595310468
-168.53038215113827
343.31635065356755
-180.70398180915922
-231.8327282428888
180.57324887261464
-365.21487051702576
327.1815201892299
5.408584684065524
-15.43944202983013
251.76014343030326
-510.1882770735657
111.9071695174686
-90.25619889296188
106.01520503603982
505.2052719084972
-350.505287104578
47.29018591927318
-314.1331864429629
-78.96817257181466
531.8563434984911
-126.16528328998072
242.17766515485525
-304.0863851238958
-288.93831273347564
307.6899204146175
-186.48415627840615
403.4535759924757
-93.1627580186458
-211.44941940905906
173.75083400558356
-419.12474201926307
261.6379532012059
-9.476363203010804
5.406622501792512
343.6690018381543
-445.22474869008755
65.3046251473949
-195.45553515507424
1.897864270403418
547.1226908492955
-209.03681618015833
129.42062182323346
-346.3947532324965
-221.84244206912777
444.61276822387026
-83.21843999573683
368.4784619394593
-222.88669602929144
-331.669046260599
207.2798523185126
-255.0719452627708
417.61237816157274
-16.05933957039285
-160.40458316914504
193.4832443954987
-442.5567454720832
199.37992670599107
-38.9317138742184
-3.3834065074370754
422.44268938722416
-351.8758893591222
84.83707459901804
-275.8881030351001
-133.59266630621647
511.6304226336233
-107.35859581350832
265.36751709517165
-302.82315750123684
-348.5845382405106
314.4331566974462
-98.59341486979659
469.6068617457844
-84.07914158508036
-325.8349759507483
136.4727878412993
-349.7401535314116
381.2174267211442
48.928641097206395
-114.12431605480859
228.61461720750725
-457.6807003309058
141.5099381000312
-121.46853374297095
-64.33567221237485
460.3861044199674
-254.85538700405021
163.82469253933252
-289.57431213150153
-268.1916952081914
418.85779139224
-74.52830345194775
407.5292580450514
-195.56676444841628
-399.0286346237684
184.52257529135716
-201.46784694180914
509.2413477338942
42.78460958309198
-259.6251219291396
106.48396819514555
-438.1021532494872
306.96429105914706
53.82004891845707
-70.87594969692833
305.4603084619165
-425.29594693225516
136.61914125428078
-160.26154923131605
-140.65340281010674
441.30339492518533
-195.1447248215037
268.3687838868091
-236.75443736342748
-363.67561266758304
285.85152729500953
-114.03242656906353
495.48071673320834
-23.895342294123832
-368.97073089823004
92.47694889187099
-340.83358980287437
454.92775244197094
151.87335982574197
-147.56369324150813
140.72037017536988
-507.66785034620847
215.40078631439695
35.466112286417065
-54.5662181743946
359.00966113078465
-363.19689332554276
144.6196610001281
-182.51272156912137
-238.17672985023714
388.00194387460795
-161.87856069787446
366.6275188859781
-136.61078664823145
-388.7939368106565
153.6639138938641
-224.1813728354429
515.6433233951138
129.6212408766661
-275.9473646565036
55.458056491108486
-469.59155495911637
363.28215582606146
186.14822735879054
-47.76401521437116
214.84518646185066
-517.9174101302242
135.63301420579288
-15.692649100492629
-76.33768427283398
408.32942624102424
-295.9972329604096
190.37204274896993
-174.95059912320613
-307.069952479266
291.0540765960972
-188.6572848743371
427.1941989106105
-8.229162644310431
-349.8606575483721
92.34010573203877
-372.6875781678244
448.27450769260184
233.5164537910379
-131.0314146041599
106.84871298671364
-560.5749368322502
216.20308382810822
155.36352206662198
25.280514989466194
341.06715109948414
-470.1251148529337
79.54931102303368
-77.4603371278367
-127.9951621972007
407.7656865178072
-255.76142793498514
247.61255651716257
-100.77260268296222
-324.9116700535635
205.17134264632926
-280.40989749741755
434.6872931745195
123.32982480940106
-245.68521532903023
73.5327622996968
-495.1819222905796
321.33907992442477
257.98669444303084
-5.338499357714406
234.42880646466216
-577.9282932806855
78.09057495738458
74.6298042365186
22.70492804061076
433.46212786404607
-390.2360538931899
68.25335159795219
-133.77933538187844
-199.6551286380245
375.93992978480514
-238.95604925995778
291.65303047979756
-33.76363371127931
-311.73415305099957
164.22740767214017
-366.5410741150854
371.82323579684936
199.45455758436398
-119.20513016919777
146.61695428161303
-577.3642991845968
175.8873794540645
194.12191672355283
71.83031703268045
368.5276102171784
-529.1240400760205
-5.175060889192185
-49.63962745384634
-26.44988650759924
496.1296591116865
-300.7644213633744
110.2757505653692
-138.78376998730837
-262.98283229973214
339.86415451144603
-250.71215397628256
313.89881830512644
40.86452791903258
-257.9970906242432
161.04929806623457
-466.62268773994873
262.2053099707207
204.5371633511666
-20.270551313733648
275.3641149343314
-586.1572063660542
21.952727950547192
79.65695316505222
64.55614541939535
513.1529303859984
-406.4121370277301
-28.199311057310545
-150.9307423205611
-133.47202758434096
506.84198372007745
-212.43471097986148
169.42277092031455
-118.62994901224575
-304.6052458783492
281.60306204621537
-299.6110444712532
288.6641533021329
108.71126052989601
-188.94085090582266
200.36335509620312
-510.5682512490514
136.6432411062967
161.4220988408454
44.74269177067481
414.3591126473204
-494.64983092123475
-44.951583279293054
-54.913225734247405
-4.587800491491307
598.9598471843622
-261.2680502901238
29.889608673075124
-199.37012120120676
-250.76669947216834
456.58184407425784
-167.85412345199614
246.47338187817257
-63.21102797327104
-329.33675521831117
242.78410026240297
-355.4513802733204
238.5075418334088
131.8774465794182
-121.55679898255728
285.01782503177765
-512.9855048255979
35.66065748362753
41.51274709622804
9.927037794113373
535.5425155285508
-354.4518347054295
-48.21996680972842
-181.9949143781278
-148.16907068049846
586.1528688443178
-127.85071828043698
126.0794079406619
-196.93101009655757
-361.4745460391176
370.0794243097037
-163.54382949000308
293.74493692029745
18.812664367962178
-303.10973219495287
223.5850761882996
-393.7831978799056
182.27298246044413
106.75113273803842
-63.92607386418109
389.05984114033623
-440.2483046206721
-32.397775216548695
-62.010780665094146
-72.80481596528821
599.4953896399139
-209.1750190087985
31.455472627382704
-229.9943264449158
-301.48864101998413
519.2606397061259
-64.40121562591226
256.8600552194915
-113.93504493027324
-423.45322366415473
267.04564385272755
-228.2960469461679
313.5491479537696
98.93981493660145
-262.5552208696449
249.74129833101233
-429.0434947795002
110.14913778616535
54.892257810063384
-95.18683822788138
464.98144482402904
-335.9017836329994
-8.63100806621689
-150.3884104541682
-197.44752676667449
580.7692621844469
-86.397410144284
148.53319028313365
-196.33685807872016
-438.2520427249708
390.37496027450703
-75.07725024248028
356.07286297455744
-4.23935378394028
-427.8867874145693
191.33660622640934
-304.6422909312058
277.9787305786121
153.51204255992698
-207.9191486463183
289.8977198042007
-413.81588895163776
53.39928840577737
-4.079726343387868
-149.90070140771493
512.3167673442637
-233.5499062157215
54.57468855568503
-184.1485878351957
-343.55097544848377
477.6026518657145
-31.217595665442772
288.8313071452855
-94.66963462215423
-495.8065462454129
249.73138827386393
-149.76004059686704
406.21623936406286
129.025978950141
-369.55089294812376
158.23502657167901
-388.92953573718944
216.25497499630032
162.09136146526345
-165.7884094124492
339.3944551212943
-376.68815405991546
30.964087155828143
-49.82505843053482
-224.4662394524007
497.9825051442966
-148.51041142572544
158.5623902060284
-146.09059289985447
-448.24188412907205
342.8635417403309
-69.2450437963882
388.9092344962894
52.19087294654615
-471.43918515859104
139.6438992054806
-266.7173183673607
379.33549268150836
241.79595564652254
-266.9307317756283
181.4450381845025
-448.3126582093849
129.68371240988745
135.41424144601214
-154.47175516820224
381.65159668914663
-322.64792254118356
45.19255169710384
-68.97430666679232
-323.1523959582003
428.3871945567726
-101.20423137834767
254.47915747134536
-37.07565264382895
-502.6928734005145
216.54770164368261
-159.64043844992977
428.0836037017096
205.129716787295
-384.71511461721434
91.93915442061694
-406.3758573625752
278.2852592643718
295.93774101465056
-160.61685200839494
242.2952554672457
-469.9727715573618
60.80709152641919
103.37921724504166
-180.155500900443
430.23477906689885
-255.2161150912899
96.90287737574266
-56.064380773805574
-397.73538373683994
336.9544761244116
-135.3095839439034
331.72622881747895
96.37261147859245
-459.26145637713495
125.40856212388749
-293.4792004079928
367.2051635505924
323.54410331193884
-254.62338691561152
131.44495964462075
-502.67770156006134
149.2402728300714
273.51762654862415
-88.97985019164192
339.27128603189135
-422.8691135255594
-8.48140134499596
29.416992817969728
-224.87305923473826
417.9837412258128
-211.6155290509365
148.80737371826456
-0.4318516043596641
-418.15930898457987
243.43627895036914
-204.92402294061685
344.61564986684004
228.60880275734178
-370.87805552713786
99.71412173725675
-436.0611712789675
252.04424568211948
362.8630804810463
-114.03841553556704
229.91609234592238
-531.8383572790163
4.8043445277363785
204.39525677486083
-64.76719582097223
445.4754344861666
-337.77019473104906
-23.687560075548127
-9.38297742689305
-291.5847406205537
402.1929692555002
-196.54908164950504
181.35043948932162
72.63181600875208
-409.42673538898174
185.58506418278748
-319.1655244843838
285.47982400235895
318.6971460690717
-234.512005207917
151.03908330427473
-520.5193651014016
96.05326339299404
325.984677958589
-16.525695805884773
370.5711268851112
-478.15713610077705
-95.38808551734255
93.41548653287815
-115.05723616758607
500.67096569890185
-264.4895078336732
6.703386360320629
-23.31894331899955
-340.71149885075454
343.4465741488828
-213.0377713141375
223.31856675123063
166.11169110437376
-361.31097249987556
167.75301629596856
-405.54649112176116
170.10446701698473
340.5057281577223
-111.58623029613567
268.19749683118124
-527.2148712269229
-53.65207366944102
227.50563570429122
-7.566606358655715
501.32015994758495
-378.0647250832304
-124.36360030636408
-23.2557493285874
-200.41458734581673
512.0434200412454
-178.28553444024908
66.4037487950498
6.139903909297079
-399.6485230723344
289.4434965030791
-248.3015441162553
195.30613525241847
232.1402022816671
-282.0052894345269
206.36390453893304
-461.29921920089134
49.99993637597015
299.6022597199445
-47.26436674457315
413.53788727614085
-465.83495714113155
-147.6127293254559
81.80669397527943
-66.37392646906466
597.0042550831056
-238.14744979205526
-90.07489775607445
-78.19566487079504
-320.35338025560213
471.31225625106725
-115.82346787691598
129.86779757931347
62.76408944636628
-402.857839886769
245.45855262490028
-300.3560710529779
144.03633722033624
267.3881087031065
-194.35328756599515
292.53335189527746
-462.6176587487308
-69.02792698777012
192.01337365238646
-41.68892739181019
538.9256130777758
-331.41597596282594
-173.55080028307353
-46.78160136995402
-197.60679481852588
609.1567962031495
-96.54337087249066
4.858187486763966
-82.9162659246547
-423.17660347201456
394.4048050013788
-120.43653192749404
178.76743167741387
127.21426734443587
-372.9526637926892
232.50116515217775
-345.1904061244476
75.2089684727117
243.42693727740144
-142.12565972899156
390.04655213872417
-395.89809100608375
-144.74912012370504
73.81297270369917
-108.45296558169018
601.2851925911251
-180.76687397997136
-109.20464506453159
-105.86194955318024
-347.3134653336858
538.8007310398629
-15.977604250692705
128.42022767792994
-13.499151298348412
-475.572429368699
297.95959239168576
-159.06484961772483
196.68221525236154
197.06757411849185
-336.61318388848207
251.07641051205147
-364.6413670078357
-9.612083716871222
185.76078190688122
-152.00255501500516
474.4441195307234
-293.6136317030116
-139.14470542600418
-29.20423293759898
-243.6438626126162
589.5334563104283
-34.10528843619566
19.748680205376495
-100.6434929508267
-480.1465914985757
420.7446825087865
-8.517687011442671
226.7569852277969
98.37145055893443
-491.5088799389569
214.74777106754334
-231.03881450812653
167.84893752247203
244.3905736379652
-280.93253768700845
289.7535205981748
-346.18048078056205
-58.687083169450496
114.97458742814233
-197.2898351203449
517.7631429606831
-187.43196462194217
-78.34003295408795
-82.89644882370258
-389.73933631183985
509.50676668386393
22.96806972219243
154.48287906038766
-18.917407703030648
-560.5680527066578
274.54217060788636
-63.69649283118192
282.15887641706144
222.25257840872143
-444.6405755928512
175.96328041413898
-310.8073890692502
114.21152881304099
261.6082642930425
-232.36895220766198
351.6877643458222
-315.4946045668098
-81.5519431643723
62.75645830721375
-280.2480131881668
507.4325969415679
-71.76984393311167
21.08715234264011
-54.08633858537922
-503.38003364462116
376.3918033458669
29.04113959721461
266.98554643614654
128.29987497483552
-554.2272833921768
150.9470633948531
-184.32862126946222
264.245004588274
328.0394105570446
-340.0918501979588
180.09135019208946
-368.0179073532838
23.423948639893297
243.02121987120432
-231.2915539220296
399.7351724399669
-240.55105751219463
-63.70867915619905
25.43965089386623
-373.6662515391048
443.2639623397146
-19.465528672971654
144.13320669448274
46.76743762762702
-568.7179234865898
231.98565908232123
-58.83149882362965
317.07387681162885
284.6312475091996
-472.7309133471761
91.89539948259592
-305.0172905662854
182.73723600186145
383.55177302940024
-248.6917651684138
238.6826674162658
-377.665058901921
-52.83528345303706
204.27045504563472
-240.45470924636163
424.55708881799137
-179.53069154223675
-29.200473361076575
32.93432000941484
-456.3578238706323
344.14744805093187
-41.262619913084734
219.11230580761386
177.47862375695578
-536.6714954741202
121.45391655390344
-198.3318585058948
263.86646349776703
422.92132736385554
-338.3712478558568
93.21560383173097
-409.0887111254337
52.57102994309156
380.29705971045786
-165.26544969611476
315.87360048476376
-348.0683716630505
-109.63334310412037
143.98126986128446
-287.3528620820119
418.389918418225
-122.59819146498404
34.116377905916465
91.79588072100346
-492.825265475038
240.10382863780285
-106.65957879798513
245.09067376607587
326.97802012414024
-444.10225221815716
65.54331790569864
-331.5220487889946
166.57676795255213
472.1934012585889
-200.49531081210617
181.6926004349332
-443.84361592618893
-86.45967368569303
307.6779163199504
-142.51883928410123
404.6798181014052
-276.1801334970545
-123.20534061408262
110.40336363925714
-342.64514211405907
375.2380584602508
-114.06951318528982
93.06672188917608
185.09532077652145
-480.0097868509301
165.42303812143885
-219.5092174890016
186.2244812338604
416.0180823662643
-311.96830399655903
110.16949182314671
-429.69832730109886
7.54492783651294
