22.12172681831621
267.65533200679937
199.20986625141842
-191.45666331555503
-216.71111304599722
-75.89985187655185
328.4067415516247
82.28057316323923
-71.24018005612007
-372.39338642455175
82.44091798523256
100.7867831549135
285.96378018511035
-274.6151003188241
-92.50314828410691
-190.63266393453185
388.7668257107481
-6.397060452680951
96.1485150794237
-398.94359078667634
168.55679480702005
-11.793943526795212
390.0309178958187
-291.6055526394977
47.62994945698421
-308.4402156561722
384.07461190977574
-125.24476436647795
213.74911816885805
-442.0804184176462
183.45061590514305
-196.2808243466225
413.9683726443953
-294.68603621393964
167.6927670754748
-390.8229779608986
359.23999289127386
-165.92293580691356
381.0672886559984
-388.1753405890557
212.11761091350562
-311.58596940414515
444.7587875991672
-221.51642614954096
264.9779670925348
-473.4710249327077
270.11130651254024
-213.3597890309648
444.73256176491884
-358.2002443027755
151.55335337286706
-422.29795587581896
417.03911840519623
-145.63667097970776
323.5607204098292
-482.1908893644639
192.6232989014454
-183.28619854229564
525.7973275713471
-247.0727283321828
99.06032239461766
-439.61160498127725
386.61974402146166
-38.84921072529738
320.3295548800027
-487.59155260591353
55.409537162211286
-161.1754348401807
502.61572673193507
-183.81433568876847
-12.73719253182003
-444.4776661367683
300.9456168104943
81.11309824511883
287.8361873447056
-412.08758657602016
-41.13535553917067
-65.48068513900543
455.26839323005856
-38.10488659687491
-77.53710775977132
-358.96574432718927
193.79385309515428
169.30283025186495
191.11475738322133
-309.7942057902923
-173.04685686226009
-14.843137773891018
308.83326093151607
56.83524396869586
-161.79021447760414
-247.80138926045578
57.56150294139765
248.04518399206702
109.52315913136312
-132.50521616390475
-230.17680900918594
85.2659267021799
171.24545579878358
189.85968848612922
-206.58802460465145
-96.229162284103
-94.36932086030349
284.8730452473153
-20.22121058674592
20.881749556561992
-317.21344435785835
106.49476475991472
-29.199384043654476
276.2339702227514
-239.31136035967265
42.24833616554134
-239.38002730010612
305.7891819697441
-76.63982394484994
222.09618068923308
-334.8679732838237
154.36829642841676
-172.92379735731734
386.5241608967
-210.95071433386588
160.98136428107097
-389.10966978662697
285.76312074928285
-169.37535293847998
369.9415852288916
-372.2278605365797
132.9881989079289
-348.3121588585525
444.40511460749275
-174.6866135533015
257.269457499426
-497.71791614040336
260.3918776624968
-154.1526591204893
508.9870728545105
-343.63104645393963
117.04647257440466
-416.2436471501637
483.94211324996587
-114.17400435600514
297.54830454085135
-564.0873324431034
182.90011332788524
-173.06441917923715
546.1220951592766
-338.71367971663943
54.16128530665968
-470.99191300848054
470.05320418922133
-44.616728678217875
296.58848625444523
-544.3986405030324
146.38898658478263
-111.74524754108101
565.6357221284159
-253.10570938204327
13.754935656166511
-436.0007593500221
404.91737551358625
16.907263267240157
250.4003174868516
-503.26127325435084
31.77097294604014
-90.78402559994187
463.88198294763316
-180.76707027059336
-54.900285185023066
-358.60612719711503
290.7354906101978
86.09670279548206
209.66124942634212
-342.0178793445015
-23.736905512271132
-14.084067299944264
359.2831026701796
-41.06491912363812
-84.2571535568007
-246.5924165606924
143.5631221944998
123.45868525852774
108.82222875815123
-202.513896659857
-129.6961802639856
1.0893893075830525
164.97196486024063
71.36834548377713
-120.26981304964355
-121.21152209292337
-30.230545038940647
191.07617842530067
53.10191910973437
29.92658575061697
-188.75884315560216
61.94555407510167
2.7249028901869377
232.21063668810035
-121.73147912826691
10.156042842121373
-221.7162551469798
197.41156021194857
-32.13377180343885
189.54588343883637
-292.3736256443767
40.682010487127776
-188.0545051016162
342.0228128790017
-133.25083431650097
113.22734124596656
-377.1634781034914
237.43942520492752
-64.05449278095263
397.31616841673855
-342.64742840938726
67.28873423850052
-291.5987016728818
474.32741232166563
-118.07916023142796
199.59732596328783
-532.2444883078756
234.01960173171852
-107.09374991117954
494.0890046653271
-405.9810313286794
37.01480719374457
-389.01828408830386
525.134841229674
-100.76591756190554
243.86120918016692
-588.5347595806107
243.15774170075466
-91.32930119486927
576.0998226452659
-375.99249953698876
52.26828182200037
-428.52197023628116
535.242643772922
-85.95614473964365
240.00576520851132
-603.710011053383
187.19770973083678
-120.00748454323256
535.3198568104056
-377.0064237972788
17.942593675055758
-414.4604577429983
485.0308578618603
-52.15911467339005
259.1697496122926
-521.3079138139472
162.71394354802206
-84.0537522993339
475.0347235713698
-251.5285908264427
29.417177904847055
-357.2828411524346
372.8137407773792
-22.67085829377193
203.61339323577826
-407.254761462395
60.72877772353198
-108.28840109164584
345.0953373988225
-155.14319292592913
2.995217158598159
-265.4883781043872
199.24084696411848
32.06851723666478
181.50675756639055
-204.46979578834274
-8.034782656957487
-54.042399444604534
217.4359405208439
29.525834881357873
-5.89165240828889
-174.2532211750069
-14.470139617789837
75.69233232368563
111.70192075522294
-22.018872309183795
-159.229739138463
-76.59852016119721
31.78909975686051
186.25619197559857
-29.47588409507201
-67.3504396786912
-199.15065793250656
149.39448264299787
85.20818657615615
190.3320054296921
-245.4597677627121
-30.440049539923702
-93.97835626378985
354.2180216726281
-52.275990090512224
17.634273565998058
-388.9416929257999
193.61210765684447
14.93391610863085
326.70553207806745
-363.685840076041
-36.215798515175535
-240.47753798680034
471.9827486593967
-85.93839198097392
112.40414581157403
-507.5360267054654
259.5838756816235
3.3669575451364877
462.5983918836104
-411.5417759664809
26.64891961767832
-299.9398781899303
556.2836825359813
-100.62226392071955
159.8464762898401
-591.339739310842
267.8738990005825
-76.69733152642685
490.17876467875504
-465.2212840981378
35.947154890988266
-366.57814168215356
560.3254161446672
-128.23239680670346
219.79492580858505
-576.2168044206197
295.60134898033346
-90.83926434809268
526.3788975242106
-403.820206772265
95.79568465807712
-375.295744067662
504.43638246932693
-133.9971777864831
226.86306006005364
-536.7595014261369
209.2882553318331
-168.9881907678662
431.5376716274893
-337.74029059876534
103.31568886834103
-361.6076834391483
385.01788355982455
-108.0653907425208
264.1691573891113
-379.9121300975557
160.67181328364217
-153.93738246210012
370.3852213546218
-169.30282275628414
118.43542678410004
-314.525142454582
212.3194409786682
-73.84650708265242
239.83227412194367
-244.74926602449685
13.84130500550114
-195.4488171381099
233.96849715925234
-21.222138902678143
90.50236073407623
-263.98462908377434
24.79801063240759
20.462997005032296
249.13997506016457
-42.839736089677615
-109.99084183234392
-151.15325074121546
135.0743494160862
179.1037655229942
48.50709530516242
-178.66425777799537
-181.54386173656658
103.30626592276028
183.32507393767767
104.48400313825147
-266.9114393876139
-150.39981711943744
-6.674985934121213
337.2603476158564
-12.388882993059283
-100.97442303251717
-332.8840851139956
210.75081078143515
143.87142814397365
264.0542997864289
-354.8379214925214
-63.943747900882556
-109.7403625305388
461.88699096263554
-71.52548129543587
-12.896762270426512
-465.1814222662846
256.2841991661035
42.634593331802385
335.100906344594
-452.36973121080223
-8.207605167126136
-209.56625289969574
526.3925945833046
-139.9351029735153
97.426081106348
-506.5528390024329
328.41897624582265
-23.181804136888253
428.5272346951691
-457.9890877240734
88.02115402184174
-282.1394339921561
539.5954301644363
-179.0232465631983
181.62719816974942
-539.9785831661388
292.6410468693457
-149.9969885733305
434.8121794399544
-431.79898666664786
132.93178591115233
-364.5567619730963
481.0871781493408
-183.5209674186571
268.36958442001935
-472.41399426773006
292.6337391019589
-189.2936772731063
451.23139252239685
-317.4992076213391
183.35095244674437
-383.3489327493441
372.5628293731289
-170.96941533202278
314.4345719898525
-403.52683549371926
165.2165478252146
-267.7753835168627
388.22695831432924
-191.63380940991402
179.81728306151118
-379.824746117711
226.0158729532531
-105.6581837966283
354.74035519734304
-250.73976522219917
56.5953599798983
-253.61718561427475
334.5425769561004
-9.012063334377611
149.89151916718737
-355.64680904870045
46.10023644389624
-15.405612034482743
331.2388457026157
-153.9706060763624
-108.66553290967838
-260.8390547080887
222.02063898595742
143.9207631017581
79.29377645482231
-302.7070213720829
-102.5148342127507
101.30259073788564
308.164682976484
16.96098292606399
-225.15659734514293
-170.54707409229954
138.1209845959548
308.1118659138302
4.889225313620357
-217.4526529850109
-253.31714332655025
186.62082296066944
188.37035182945252
124.45646360400232
-364.1665635302103
-105.77520499497422
-11.035391006469059
394.0354140021989
-84.25414785117526
-90.21915285020687
-345.73173553630187
284.3065493333285
97.96824098972814
260.8964203991721
-395.6257199134646
21.424815678310495
-108.16461415832678
475.0446760242207
-159.57887187832222
30.63981811740268
-438.8696813336131
307.7536206078445
-54.794565076159024
327.0706807465625
-447.91725145836915
91.22051024742848
-244.98324161562607
461.3959755277551
-207.94204572801277
186.97426943347983
-454.80099125847016
323.591965876196
-149.00398364061255
420.1719145440336
-377.76207630676697
184.26363408231097
-350.8722441966423
430.6743294659556
-221.13668548075634
292.5076310262958
-453.8562352243416
241.44146709293366
-267.2377143473479
431.77732795390745
-305.4890925328452
202.6307830097978
-437.23113450662345
356.93927743299264
-167.8939813058424
403.41539123493527
-388.3577752473631
170.27404519305531
-295.727137926805
478.0852802361244
-165.43318604242472
214.71927941369583
-466.265342885107
235.4467225248453
-109.31970060597554
423.7478457911383
-343.75786805818393
20.74761205719738
-331.75833931700464
419.12372521314916
-50.82567369818346
157.14177117409392
-459.71353955578417
124.48563638838239
-7.863113358765702
429.66609501761155
-231.94968024229206
-77.90542493285793
-273.18627599367426
372.2918010305684
86.92687013838173
80.54623963907284
-408.9439461804035
-7.464252121464288
88.24096278373209
330.0849751372218
-143.99629345425387
-223.73447084339344
-204.99168190913645
233.37039624801434
205.85325274683188
5.27538729488769
-290.834164669853
-111.04248979417068
189.2101715596711
253.8151482429348
18.258795823222336
-277.90745085488305
-78.52358283713804
117.31198710614505
296.8073701823752
-66.4419909779144
-149.55418996199484
-245.44079721691946
224.21725474441797
86.81312478444777
120.58133161827149
-348.9580408281101
4.259981596570812
-50.41967883991899
361.54391519153296
-142.31315701749733
31.12504177699052
-317.5860748734643
280.9929443041325
-24.751527804372515
288.08046693027444
-341.10690560096015
107.77190564492494
-216.1667488107095
393.5061471995011
-185.87674234034213
187.72367612047606
-413.55384658922975
240.9744713767834
-199.93677908011733
374.47581501012746
-332.3347121214445
165.70251276608917
-362.80115811533807
385.61791707515533
-163.1269993380275
342.7039448862758
-423.38888922447813
215.03951390754747
-248.04395868046103
487.39616124322674
-249.49678516974447
197.35364292826458
-483.1459925612413
339.427804050377
-149.56724898289102
416.91334160928966
-465.54725327053245
106.37046401912325
-323.9117876638769
519.036771459166
-183.5332035494008
185.71465580601432
-542.8244039072167
288.3016935987272
-72.19982463422257
483.9728224619731
-417.15176398213384
55.52340638983789
-308.215650409697
534.9474342555271
-91.68848819050584
150.56226857858175
-537.7880463124823
211.2995595221199
-11.461630021980483
435.47559981590024
-372.8327124840712
-62.24451700658941
-292.816540042716
444.22281700445706
4.0207110616004975
78.92299176187355
-462.3988663196729
122.13740315689232
84.26220213949443
377.6314504555346
-234.08480020243388
-122.9537120137057
-187.63460696883948
350.95960987789186
105.73819856776286
5.146745647007621
-339.5684208681832
-13.412700694549624
121.05811907188595
226.04569107210014
-127.15876490039042
-208.24308343491623
-114.93059468962451
173.9578914763057
183.46584428614202
-37.88532659762823
-159.33538175668173
-114.13420386741628
178.40736432929796
129.31957892085984
72.81751706326075
-222.63824582214897
-10.710249954263785
-13.843292338613935
241.12978965821605
-96.26391853356765
-2.776345594415563
-256.60093461223397
164.04488762877003
-44.426974032604015
225.99415200786163
-269.5589451623106
56.89380193230328
-224.45359059021357
316.36033118662704
-100.6236345237682
197.4395344603228
-356.31869041088703
185.36751866524992
-132.23085770272814
403.9795168684523
-243.71461725362323
122.08688369426416
-377.85204057975335
348.90652349481184
-116.90235600575537
327.1924039862529
-458.34098342648247
121.56733358746243
-243.84546349084877
506.2960435343151
-243.47119421324976
132.6360566790116
-509.99164081411703
377.98557013658206
-75.98059890953388
429.66428044272567
-495.0544127661256
116.9653024119963
-258.42498610645737
600.3631523590034
-206.25506387366772
135.3046681148966
-571.1998399035327
362.55678209538115
-59.3336329845382
447.1395720303107
-524.507066608965
45.542057602121595
-299.68144416358757
581.772012403261
-169.40238631563093
105.2188135648736
-556.6218892784509
309.729904675216
-3.9805336144545587
443.7155776130786
-436.199790915566
34.21635892319949
-241.38610053373228
528.5743236681697
-93.8149622216771
83.53330173987197
-495.76486265707695
224.06153194951727
3.1158786414621042
347.0979497095469
-358.08063406848004
-44.25828625189017
-210.39332775056144
376.8784874283007
-25.64180585782705
60.31692744905501
-340.84670739543225
119.48497776077971
71.60919471068756
269.19631619760105
-164.23798783721577
-71.25870177293893
-127.28827920750894
207.27082789800866
57.61861957366385
17.362660030072007
-196.02563241536276
-47.840696684202605
40.47524538586387
124.28028039009854
1.455529733121785
-139.54765402476121
-83.46512739354706
-1.2193795792450746
171.99352007337671
7.280454124131597
-0.07638283929133394
-190.18210809683887
95.34384688848974
37.943802394563
229.55178693738748
-162.55849345037043
-21.585258999195453
-195.91323039340938
267.62524228005674
-15.749679714280283
141.2441945915177
-371.9068449378154
67.47524576966752
-79.20687034975131
382.8659029702471
-229.59569017321328
17.004053712251388
-363.64734846649094
348.10592476290697
-14.331573291120868
282.9780542820212
-459.0415594716095
115.66358234572965
-137.21863127486495
542.6292956867661
-234.6068479467453
53.75030753399217
-487.51177737878044
410.7421063516312
-49.71773247281452
349.71879814499823
-568.0830074827677
88.7674040274211
-212.78986792027362
593.2496613758899
-271.630996839673
73.59326214707441
-536.8390177226266
432.09149947320543
-28.53681001433564
399.753793387417
-543.196697396302
121.89489132681597
-217.5150284172315
611.4299695449001
-242.82573453981453
107.16218737473663
-538.56293545779
389.4308773382121
-66.84992827227
384.15383049883764
-510.391439041226
75.67626549999123
-249.13534035161112
516.5383562737767
-201.43102386841696
113.45835663423986
-451.74673663096524
315.03240870455755
-41.77806366749817
364.1873997759938
-369.20572677442055
83.45415845699314
-221.5052601117449
412.06763589061745
-113.01617336893861
130.06627187705945
-364.4946931100048
157.2969606005471
-72.91217137210022
276.08818487632124
-215.44653980123496
11.678588171494898
-220.89499451402753
211.31238518080838
-7.9028580191513775
134.2970018852889
-211.09070180555227
11.42526546766409
-35.0669507238592
223.04742484230084
8.92978569077542
-29.270532741569028
-169.1790261076026
36.38015525782756
125.43077659660868
108.6766883770333
-85.96296244625844
-190.22714913488113
-25.42341166737834
115.84231299936471
183.13747885499902
-124.34410631474947
-149.96477787759056
-146.28507305533458
266.3799462751514
92.14609696586
63.241724973833996
-335.89469997360976
47.28990885638945
52.358327463433056
376.0131560664712
-187.58945488474092
-74.26045989242422
-295.8655527232918
373.69182749656716
44.824913958159904
164.83434026430007
-488.3977665464685
63.52163054408783
-64.4739881091997
483.4622896782456
-268.10673982516585
-33.32080636418751
-410.9488259978308
445.24396865956254
5.636854490985781
275.4766346016929
-536.4170112198062
142.18740729847732
-105.07099239470524
560.8207087746381
-288.0688744829246
53.883829831273935
-471.7301068031198
461.55519867296806
-68.94222509065202
309.65173044053296
-572.5277848154468
152.4644158191652
-201.10747123066088
556.2787140498026
-307.06428797728677
113.08603273350681
-479.12511620578476
434.9507945585967
-102.18406758119414
381.60279703648933
-482.9212090809462
179.30118830100804
-234.0138431356665
505.41859926805836
-269.12388192518455
173.56250657709373
-459.24836269845844
326.23094231159445
-160.6691606033508
345.50236710567975
-388.9726476754426
127.72708222756273
-297.6383284747556
384.47902042423766
-165.0987978415233
220.3146906609974
-370.43826143800317
195.55802700611332
-126.89818503987108
359.59179326177264
-192.61049270872567
99.402117052382
-287.20944275680324
258.0372604633861
-45.771230554845516
225.39000681585497
-289.15963323456225
8.245438401255694
-139.21863017413878
294.46417518657006
-48.03442339785106
-12.469260546893404
-291.4294906871007
87.57354332534838
112.29698350949339
219.15246914020392
-171.5416879493029
-150.3833179885813
-58.83612128027006
251.71898095105152
160.08652358585502
-90.63269243539155
-231.4487580971606
-52.25798896489778
238.14355288577548
153.0983512924196
-73.78928232661151
-342.13576576235937
-6.583063137196873
147.52884266478662
291.9863656020801
-209.13630122940697
-170.57647204674862
-193.60886247707114
371.876810229276
102.69498906058973
65.9828662735261
-434.1401208323531
95.972173580439
68.67377659244355
429.15225209996674
-277.8525720820141
-72.0907565627341
-302.452233740021
431.95392266183944
-9.531659295434284
147.12393012442195
-521.5140902830263
146.2726958951191
-72.27142092130565
470.6052058531747
-323.4995290614514
35.43151447395389
-374.8138276147978
459.25978303186645
-87.81622750334932
271.26424162970864
-496.0109902573621
213.7358935853542
-168.91823654133748
503.09544876315636
-320.7975355995467
143.71583808485678
-432.4931891434546
398.7927488715007
-185.145006975952
341.38886972727806
-470.45238522322404
184.84364700516133
-292.079657523432
458.5539014456108
-271.0369613406459
236.78003486004812
-440.79880905899716
327.9287700309156
-188.18677560999097
418.7376711516598
-346.41248338462674
192.36399150779414
-341.6326642467339
398.95315060650853
-171.0662593582111
284.2445620619062
-433.32332295292986
174.2155815212774
-209.70640089653799
423.1914409803285
-242.33469229701257
86.64886591551218
-401.06796433735633
298.94367809741783
-42.89995420272339
303.3981863998179
-379.80849966688265
43.88749658100468
-148.39994894016016
422.1671926532052
-74.77155084634512
18.183987893381666
-373.26068445997504
192.69059919633537
101.42079444219506
262.9896042277885
-314.53923298455544
-143.47673928773105
-97.296195223653
351.6062175157326
47.59370349302196
-101.49837912772081
-337.6535893628528
53.08264763756227
222.60166975718423
199.9822883195831
-182.18495740582173
-245.33513306782783
11.544927836500648
