17.12172681831621
481.5131193020213
-113.82015498484273
265.16419375122695
-156.4278277914874
-464.20069793473493
310.8921461136867
-134.67801540459013
104.05935578297971
338.04665829557194
-344.01515746827175
147.55877381352136
-68.94632674874909
-397.2880652945495
316.74912047605676
-101.01848646991128
134.4998041861311
368.7140460663824
-477.8408108916211
-57.59596689982808
-74.30385366046156
-165.54662055068036
615.6043262332367
-21.022955793446418
-162.6402031852413
75.61863998867851
-478.7666462239601
218.0529499299082
257.45881706589336
-174.5542768609164
362.0936264397971
-207.85439828418856
-195.63480408857924
215.93322277030683
-393.39512088783084
190.72574379361942
272.1796022990044
-169.12328180851998
316.844622218132
-342.7058615753746
-368.80026108829486
290.7312075255248
-117.04099445810043
371.52284041821395
188.06849621175542
-527.2164888331107
82.22395719640048
-161.76124150918116
-30.984865695227437
515.6548166243213
-222.22637233790994
61.85255797830329
83.78782571586225
-421.9852129488983
245.87897740473989
-68.99100541442739
-73.53440179163559
511.14858164014186
-204.45394510769094
-27.593382663915087
-34.59665398214647
-483.44891369511214
382.0379677918579
201.05643584176983
-35.61929270354269
261.3133218988436
-528.2906439621453
-139.20926406141797
263.467248044166
-173.08428608872723
406.4722233488495
-27.189586730991348
-331.7239874171444
242.97593344685654
-323.6163555858967
-7.420918109652751
299.33369657321526
-216.08174433305638
377.2631501686549
8.08509089377062
-412.65711528701803
153.0777805668134
-266.9679834519793
187.2947435776176
520.0903525066174
-276.32839789544346
44.21634823744071
-222.61671367712225
-354.9444463153811
493.14762066574536
-4.391526433821977
44.21543752673566
197.46880560896824
-494.3015168418936
106.44562880012735
28.53975827381579
-256.0348343617075
427.6223290951328
-90.44902745372892
-14.457472522895067
205.88651142906633
-529.1005077344046
50.95454314227902
164.68402979147203
-57.30566914619104
534.6712232590313
-216.139608811507
-345.6517420677576
111.2278632493124
-294.95492687373604
375.92819112712647
305.4932898042502
-300.2321591536857
188.9916296260912
-285.33280377919897
-181.08861840690668
353.4064541032313
-258.35882982758784
228.76548565921718
205.93971621455168
-349.1992888680294
169.3251218716609
-296.8098469080481
-191.16081868559297
478.1196585390323
-71.59741412161155
197.57057267773453
-5.1684808652196725
-606.5823661521513
204.06872516983887
51.50943889470903
71.86260321123311
456.0592497228328
-378.250074813178
-85.22647089821233
83.18910555267215
-316.7629234154927
379.90272979651303
37.00378395053968
-121.34865613639852
365.49622026198716
-359.20749094178115
-96.94030254434448
94.63452394007705
-294.7588152207471
484.2819032479052
139.32496353019081
-260.01791584877395
99.54609073341648
-494.62482819094987
27.206219856562434
438.3059581843449
-132.00355392539674
280.53323204241156
-181.15320283007344
-419.76805248131154
306.1467001150158
-164.12992319364056
117.51114641125834
332.0678353697415
-317.43125867746465
204.8901409997161
-84.05810072481246
-385.84909503598084
323.66847317571796
-88.56111394329511
195.05131997657432
367.64696376257814
-479.2881613621979
-55.82611258206496
-93.13067160686673
-149.3168015671544
614.0142664707153
-72.62242332943765
-160.23405967403403
61.17425682667106
-480.16085263468847
220.74210192573065
199.91943059076513
-191.29641482374666
368.7029463788428
-209.38315089790112
-160.76721356491922
197.6955062487805
-414.17735651474914
219.5819471168612
287.1593417116438
-129.27485582826333
328.9576075249774
-367.6680371673657
-323.93958949047015
313.3867949076678
-91.7735581354109
396.9023045321118
164.64784218639204
-515.3535154425233
111.3470891250491
-189.40054340367988
-24.238211670404716
477.9502026847448
-254.01691217026533
96.4407767602453
67.01443977488897
-424.0027766204305
212.5841621746213
-136.55119063364597
-67.53133557753718
506.60299393632715
-223.66751765944625
-12.017639073274038
-66.77370446369075
-483.69952867204773
420.59275318212536
190.61809725930027
-17.731434131686534
270.23333284945306
-520.87323480992
-91.31529565529617
256.49964414149855
-165.02240940835074
433.230617186084
-33.19448202046187
-277.1455049573522
249.91308065684328
-364.96920467361406
8.934224756129911
260.7785668773806
-216.65680975930727
393.5885227648779
-40.143482256577244
-426.0520693004157
127.03732069746682
-291.1028491135348
219.40166351215933
490.6928134434851
-300.89274293729403
54.16094745308918
-240.91444886866952
-329.2067563366718
497.4571881397035
-38.39664807805418
73.8884991194321
214.1766069128525
-461.1567981466673
140.74275516137396
1.4958264603429043
-242.11240243128196
443.41786476067324
-69.14621680322156
19.416766625855814
182.87050722200564
-563.9174651288724
43.01936958581842
146.42795615187916
-39.47586918539116
513.9899562062185
-259.88801573220326
-330.5529429081617
97.18115329026324
-313.1028012332617
382.35344812466263
245.1971951354216
-294.55314867509884
216.92816909863362
-290.0419770950797
-144.76175654106552
329.58306300648843
-257.99838167865994
276.22367588867326
216.26691698408155
-310.6397294975826
191.92976840768753
-324.51797660235036
-157.6543728594725
499.55715316565545
-77.70910412925306
202.06074901798348
-34.09373243811911
-594.0976357380005
222.16132433895265
14.008854376528529
67.07960382423894
426.6301834510449
-398.6916511862273
-60.46437330864699
57.559816596362836
-343.40136600347165
364.31859065793293
-10.366643656382019
-84.54908676136421
378.66607647531146
-373.69344548406946
-87.53968491964751
63.721088211096074
-271.8644578440243
528.580007553583
135.27582358943965
-232.18680235713617
100.11902441936607
-487.9897191771521
88.75748011536038
430.51334795596375
-146.68979112474508
279.0304266530163
-197.48235910779397
-377.8011041851928
296.9687560357528
-217.52487149491114
113.78684367536283
306.6115136100558
-302.2338949756446
225.2786662503503
-133.00621899011418
-406.22588716493345
319.4355800067256
-96.864310259196
228.30671367804575
345.1921812070125
-505.67008216263037
-28.065207754562536
-96.20921894132272
-120.5876366550658
613.6730585721655
-92.19533203889875
-113.79263194505808
85.81100678832338
-465.09194348481424
253.49613917714905
157.52354941383962
-171.94596583546874
401.1641843455874
-204.39498270351865
-144.48259501996804
148.50239090783248
-443.11284206608144
230.02308346942726
251.19337962211728
-134.45897940791497
295.9595356153932
-429.82592212801086
-321.31768956833514
305.0015317387616
-116.06876377402295
400.7355087148153
125.37731434021723
-486.30067313407017
140.9875610032094
-199.2298091001478
-4.296696862852016
451.9984105525836
-239.38365092249757
160.42351501069857
80.65442874129502
-411.64357919279297
216.32370140957366
-156.8594090374733
-17.031619776978182
523.9880902055932
-229.36851635625692
-19.21634309331302
-110.80013105995417
-472.4826606157277
414.2148235045961
153.84290588074938
-19.582171943709252
240.1120291058815
-540.1037551487001
-77.26990505549433
216.95505979193135
-186.87532238788694
420.5829300714756
-54.05733236027673
-231.931005114113
260.5024329942525
-369.84185406700834
15.81571904213036
266.059001030104
-180.8283495944341
438.6861243287689
-47.770300714057
-403.92876988022203
129.81837239590064
-299.92964910525114
250.30429328048035
473.7228881778996
-307.5298842199787
70.52207699479021
-259.9898481094724
-309.1360928578646
466.3303912129718
-98.00363452655651
86.51085770818409
194.14311048998854
-447.22984256288447
144.59967747157023
-57.31978564498968
-263.90336413884245
454.18664256408783
-76.29778342647225
77.11565267725378
158.6318573483512
-570.8147275729957
91.30516207199528
145.5868165357281
-3.254565892671097
533.8367612021834
-294.8329014155701
-293.2629544839274
109.38678403962092
-295.39945281508506
393.757506853191
223.2503695009451
-274.95920154150593
240.1904873938507
-319.1824016786226
-157.6309635300017
271.743345336826
-287.6601793138775
296.756101758681
189.22456603893357
-317.0791396115277
169.4132505419181
-378.7213140213668
-144.88551813096322
513.0960602091886
-78.1654261286632
224.6621847210392
-61.778061108596006
-563.7758937084102
249.22414621562535
14.413324237008862
99.10293130228828
427.8292487414056
-386.76318517307345
6.295044322306194
52.00949338203587
-341.814811804683
363.8849923176803
-23.675270278604323
-33.97274651513314
385.84237214167706
-410.4051956535008
-103.8508037085112
27.177897812023062
-273.4218031435718
541.57826341242
85.72951604083673
-236.80958242329723
80.07866540505545
-498.97186339423416
102.5769532266572
411.52376263332707
-150.77372238594336
296.00914692321106
-190.969244926541
-339.9840078990363
300.45518152583463
-233.15929741214836
134.67882340140093
314.33057646638053
-266.7042734371805
260.3690321818403
-162.4856631423547
-391.27284967408457
306.2631921510951
-102.60138574047879
261.52424050451594
323.50624982687435
-519.3843312227287
-21.10367350258643
-121.71583875429157
-111.60633264809695
583.6135274985877
-128.20650282453155
-105.12886410918524
67.41951405128123
-472.4252810973497
240.614785418509
108.5897354745769
-170.92478185231283
427.7636263955232
-205.312648643269
-105.68371862337307
131.1204398832346
-446.5746654815274
280.4493569959307
276.98629351979315
-78.59529061400886
323.28021958030484
-443.6382578515298
-281.7735433296345
304.28205784004274
-120.44970092417
407.5909026867972
77.71069492856012
-477.8739940062336
156.61106906470613
-244.72723002556947
-23.353494458250644
408.76827271375817
-274.4883736247628
186.97912907281116
55.85035247295906
-426.28034233306755
197.68905921765113
-188.77657996238239
17.82582554719966
537.5967424212804
-230.76909379839825
9.513431254243272
-115.9835221321481
-443.048407072305
462.75967861034906
135.54068417376527
11.755650947068833
236.2940151276537
-532.2404602678017
-12.759872835555417
191.59512666742697
-196.66445126394223
424.8115653075308
-73.38873081029485
-199.92299138038683
258.54518640090765
-421.5737486459693
3.3809410876114194
222.5999532594415
-172.98872325838926
463.2561249505545
-89.13587142442042
-404.1468186202306
111.45504077768737
-301.0915614945068
288.57529660281443
446.8393582828931
-307.47813180529806
105.74031603351405
-255.74515482909288
-268.5134017635254
473.5242915898801
-113.07851234047997
113.02613378989783
203.98678038717216
-411.45459941683845
161.0933807960518
-114.19523210117543
-252.54777802371302
461.28181570192396
-74.37203229956958
83.1789124893093
120.35863758995518
-609.7811288767078
98.07538672108743
100.82988502528599
2.0010553830553652
515.4647957112572
-326.09714499713596
-258.53553822282123
95.1477171997878
-303.1354328539633
404.312098555278
176.5334287244184
-245.64216672354192
283.102469053056
-308.3629052534784
-100.06986639224385
257.7992956995582
-287.3615821234245
343.12808922469327
208.70227903546893
-293.5501564626154
161.8256829505673
-403.77073355335864
-99.83975145654946
499.14597201902995
-90.79954239873679
229.39170839093393
-107.15954369022575
-558.247663160253
259.2894822980644
-33.828922440515065
79.21845493757677
383.20131721203
-393.95484252239197
42.425418451420555
25.348882207700267
-348.0259235539228
346.3163592377678
-41.748619046654184
-0.11484905917832577
398.8172437400416
-407.94712654116086
-73.00367362003564
17.916747098152758
-234.65389905080502
585.582349371921
78.41453522041012
-214.05056849840176
80.23784278123294
-495.92562161256006
131.58092684793266
371.1980791603507
-177.72625911960495
298.86065044327114
-223.56578464307748
-315.5303361786298
277.0323872052862
-293.1837702192719
126.48540501943806
301.479580336586
-248.56241950202656
282.80918902956375
-210.94595799064714
-396.2027244055898
297.55013843343
-101.62813672192969
308.49175196792436
294.5641761451103
-512.0073605933926
16.061612853421043
-119.78205779882516
-82.1809556623383
591.2828700623028
-154.04154915413068
-54.35562259853888
80.88292262694858
-445.9525265226442
249.51615347364003
56.589648462657166
-169.12779254828564
429.5359581768327
-209.5826043792504
-95.66354336791191
71.78892659688894
-487.0005749294805
291.6269001556471
243.3886310092511
-78.02486154629982
296.3522072536199
-474.24261295336197
-245.00264127484806
304.2562025095197
-124.77657080961892
425.86147667941947
62.01884653256288
-426.3962161242684
185.40118744636695
-243.34646210395704
0.7298160617297733
392.2288586629665
-244.38793979289812
248.19487732797455
63.079206326586416
-415.1313728399172
182.25033822250003
-224.07472044264966
56.58398204438698
528.0131322662943
-254.06930130028135
-6.11931642666954
-170.52038248768272
-454.88737753925994
459.7255392608259
90.5921359006274
10.126172311765835
219.369305655459
-527.827202668459
27.492514609929163
155.89915889014011
-207.62678674523195
419.88779943290143
-65.15677774387777
-136.2860250638048
266.7333021604958
-444.83453054908836
24.324596764164404
213.78573803989667
-131.12665561776876
494.26802531228674
-120.44764789094215
-398.1505496557793
103.72687373547288
-313.5881988761767
319.42811363126685
413.8017971938615
-332.37724394062417
109.11319412021216
-276.1132563766151
-246.2456990551828
436.08060693100174
-165.9514067434621
129.68130623728985
202.50633765324645
-399.21317206802706
179.6512761892317
-152.09585403960875
-231.55364032435264
481.6220459443742
-70.76327957715984
132.160181280923
102.10948709290238
-588.6815562153511
132.27808136826144
116.39585508979803
31.869342067921586
509.04124267316826
-349.3566780812834
-219.8741514623107
93.70658083441623
-320.99276192760954
387.3566018565151
113.19400110702591
-240.9483702296063
290.4948998915113
-325.9985424808902
-119.95883146815294
197.74127236177276
-304.90084590578203
378.86219276926136
190.39481177176984
-294.39763573296847
150.87273370535794
-432.81110978227645
-67.19020998699946
498.6816863382851
-87.16568666373207
254.2823486413333
-115.05071252160596
-513.364893959356
292.50605774101354
-48.89090726325338
103.89108293121174
396.57615100438863
-380.0931576461022
81.37264141044953
-6.072363673004734
-370.82093904511174
327.21161086533004
-85.40171401812508
37.56034673724062
385.71318321688364
-438.8838066757669
-93.70013754343253
-35.59473921500673
-227.6463568648281
580.8623607090155
38.506180963901066
-209.49386481764188
78.89714164481427
-499.69220616428004
181.16865563818706
342.6282617022854
-161.29242560155458
330.32007041514294
-199.00480187185434
-260.9517328056703
270.21326644365365
-318.50226531420464
160.52859407978036
295.8700453342453
-208.92622344914457
290.7713592169493
-264.3730106371887
-383.16889608329
300.0464306416151
-120.01519650057638
318.72819726110123
253.36117841637193
-547.6600607816962
22.94035340946541
-151.24560654340513
-64.86263374225675
559.5095437551752
-188.1990351125025
-20.695231580473852
81.71118584002585
-441.7469170176023
252.1958562468734
19.10764144627274
-138.25565620544575
475.3157986729511
-201.75999459975858
-60.048570902693676
53.923313209334275
-474.2916584566414
320.840644620235
239.49421779937762
-57.97870514545365
289.4040868482599
-493.39375703422
-230.99626872996566
282.9257566305783
-139.63680801118971
410.1789558926159
26.652036014607305
-420.9025584851913
204.82086611659795
-281.2390684436854
-4.337923119684383
349.5214727420138
-249.05298117775888
289.25642533133714
32.953155464235195
-417.4499465100329
177.11807427656396
-235.94101310194955
102.07282120928261
551.0520319638815
-246.87515755389927
36.411992599389755
-181.07716626397377
-407.6116755302493
487.07474029853836
67.95037813204902
35.26708259220234
216.62800753473113
-512.0083513192328
47.760602729414856
112.60484630234092
-235.2949930831076
418.13731339929836
-83.57387388234513
-110.52892819585797
232.3635134653869
-492.0785861476987
16.891665534984444
186.93961498962977
-109.47941489283268
507.87326565949616
-159.46802413197037
-381.8536039483559
116.31480159676512
-296.8244828193252
347.13417094296386
384.40043610965296
-305.07481472152654
145.2702551695412
-268.2752945327422
-208.21531799304114
426.39596481009727
-178.44058703248604
167.8480051092884
210.94838847888934
-389.4390597039154
182.06450408499893
-198.77989369246296
-242.37809120251347
464.2214352869613
-81.37901237323749
148.033972599417
57.90385534755109
-617.5588955710829
142.89050451459067
87.95748731162435
46.59988697928344
503.4633078867794
-356.3472301585988
-179.30397893377898
103.16263406707986
-307.85482947430677
396.4227796633428
104.05199334884709
-189.55810274229074
324.7392906999168
-325.3290190016253
-107.0301642593437
173.71886974184477
-303.1396788848891
422.3492343514637
180.52551727067396
-271.6230053235164
117.71156209535835
-456.1360684200505
-37.86525947848144
480.71534416351574
-113.12987997823845
248.69657288250758
-158.57038361653386
-496.35544871433
290.8110101188683
-96.15140188867717
103.76101026189588
360.58187279853877
-360.50508248514524
127.07546944140176
-22.177495744537605
-372.66206636533906
344.94793425531867
-67.1805668946136
102.0140710592947
399.7471505685189
-448.3958169425891
-78.15605384806335
-41.44900484279425
-202.84340261996905
604.003407857923
-1.5982206069086926
-204.35193795805057
69.05802273180153
-509.0294923930119
182.42407361599157
286.55793051147384
-188.12949818859946
335.43924978279193
-219.86821422822746
-240.68587872187845
249.68438053677917
-363.1397676593632
181.0929560922064
286.5614290529041
-181.6478222867203
319.42778360463467
-296.2715131923356
-365.5831267429814
316.0528374275939
-91.10291230542215
357.6595311952717
237.9793774411175
-521.2159836256011
57.71770492685386
-148.5234421249115
-47.384473701326456
542.3153040066233
-209.08447533631417
5.5573045976828155
75.09326823078227
-443.18783263484426
233.48598495234322
-43.35125989226894
-124.6967034622982
481.9954488477368
-210.6705238556352
-60.8316960695675
0.35125442042322347
-494.8336308448212
345.6077924925716
231.2291306009613
-36.67291109597586
291.4446744094333
-508.28053530550363
-164.29729727473588
284.107244428096
-131.4333252210131
438.32334085484007
12.922845458477301
-368.8235610735799
230.12947332790606
-289.68310183181944
7.437753563809093
319.3873782774684
-243.84519018374928
325.46736692566765
15.138529208506945
-423.689972805992
144.75367165797837
-272.41886834375805
133.89306190072423
518.7359588398954
-274.9118760652902
30.776276570569074
-211.68831145827755
-382.7205249190656
486.3469043419397
26.497030933036797
32.00116233544211
216.4225864950006
-494.16245848029325
90.22129403214537
90.86089444237561
-233.3870272642405
438.44864638683316
-73.23615438652634
-53.63069269654416
223.47135451132303
-497.6081351417779
36.87339990898065
158.47208388583203
-88.02020802996829
517.4833329162341
-200.90886374127572
-374.90101101853156
91.70777660494393
-312.10634526266085
349.64499941193657
328.4284634684525
-324.94095431158166
158.61518835239494
-282.48276481605194
-199.01248500347427
386.5394582849485
-216.63072602398228
198.36502015722024
218.23966648396325
-348.4114267073819
199.58437032658122
-241.9481829141238
-216.12134257686145
495.38977329496583
-61.04706281474653
180.18615158303678
33.74339054005503
-615.88214934718
177.1895399976421
66.37934027599778
48.01621748522747
464.8869296404842
-389.6271154617844
-147.24808477575053
81.4766583610006
-321.36403119018905
380.71129207851965
43.61167850175401
-180.01813081884134
344.5379133421351
-340.5556518866156
-108.90942391508388
132.53355976951656
-306.63948585136677
450.04639394399294
165.59414958852216
-258.5498910997188
124.6467608865453
-468.21050094436424
6.544927836481939
