24.12172681831621
181.2932605612635
343.3041322947205
-505.8184136636297
95.82043093195072
-190.4286123756902
536.0824808225319
-197.09003620263613
-229.06427594907223
-88.54865198715667
70.18350117061887
440.7757661439582
-440.9997599982988
34.209535793283436
-265.1931642195995
515.7161537914984
-8.191282137009166
-201.60145240567107
-107.48197249974325
-36.0337298620773
549.5432056739483
-320.04541458759854
27.062776832245547
-378.5912348546956
423.0501943212727
102.04510480439555
-187.3746978660598
-159.15515974069902
-214.75624589526115
571.2821430994265
-221.20220323386815
57.342702913122096
-440.8186714862105
313.78130457288256
239.60176570676657
-86.93300373644306
-102.24020988744698
-338.02972290829587
564.4217056167411
-108.93800762174959
115.48606500114379
-492.86144611068886
132.0854122668708
280.5907193065989
-43.39565166849312
-52.74293124242451
-484.28556683224764
482.30053398032294
-35.69635935599321
219.7383450302707
-444.3870807387998
-0.3725658276405588
309.14556664008467
46.65016600920284
87.33292515528522
-551.3243761960291
372.8651128186263
-2.533633859189271
290.619946989278
-393.05575667395976
-183.11674602999676
255.8754085241948
53.06544977696407
199.9239882475157
-598.3515572818008
242.065310811225
-0.8565354614974527
386.72551189652205
-239.54080081877046
-273.00320268796384
209.34136891562062
65.53850949814823
361.18452031696523
-563.735302023139
124.12813332311696
-76.16110630625354
389.70594347780485
-123.78100255775044
-369.35861886754327
112.18939265112863
-12.56745927857301
463.86050258995255
-499.31847507378404
36.26801608484788
-120.80398351541874
403.77359474238983
62.70501909477419
-358.7267494196121
67.25945846548231
-75.99773891004452
568.9561314176437
-385.1677688291655
-33.0969373035894
-223.98070177061743
313.94767613734297
189.18353486519837
-368.6822408704827
-7.28980727392734
-223.4505315939847
591.6056577482229
-255.29682060207074
-25.54934082170264
-263.9662324833787
233.39426221996044
340.2073539266791
-274.5069363330402
11.794588372111129
-334.38593121258987
572.8973281725188
-127.83757587399167
-27.870221615907262
-327.03284537100666
60.49240812951676
391.01647353585156
-222.85151697806546
10.823894693669056
-456.4628166673982
492.0472754359953
-3.059684932393048
56.71036646503127
-296.8524735112087
-75.12646885546201
464.2841539182511
-107.33415569975664
99.06797423290055
-521.5487258240458
394.558908593276
55.93188210836609
96.00928019796356
-268.7035086532414
-257.1382114947832
406.40543019068883
-87.14874529026403
192.97848804286502
-565.6447022724612
252.9612714110396
106.49428581305104
185.3174568438447
-141.0865978913229
-351.83594252267534
380.3574250928365
-28.92138320099865
318.32886485167376
-546.4809813687816
110.66319842609488
77.51057377660399
205.46371008768514
-41.50866660124068
-469.4971031809284
275.31519904735893
-59.38004872900758
394.1420218680356
-475.6166343404865
8.335766203404082
60.472170477135535
237.91868659093294
136.00321659907146
-478.54005968864533
209.77699862791786
-93.70643689309358
486.1550180497692
-381.1200110506457
-109.30700709415133
-27.38053732396068
171.47519335391968
251.3467879373892
-490.75551152662763
112.16592146761887
-167.6080561937043
512.0318703655279
-234.27481739384888
-138.43876934810274
-46.85655187358246
117.26142254484215
410.13854397886047
-415.28480854258567
89.09334602377434
-261.7744369114259
510.11487241432803
-101.47919965163594
-181.24679962236564
-131.28701231548885
-26.81665093346791
474.845446240652
-357.7066792212157
48.6820942309444
-353.3100781221775
450.2723843533058
49.59156486735693
-124.69751394284052
-111.15086934672335
-131.22970363760598
549.7553998888455
-234.45241881721338
91.83870379027648
-430.7243193005395
338.6374731323812
135.80038171843643
-97.94116714303541
-118.98950569689562
-303.90064101407023
510.1450604212911
-175.20123744087363
141.65164147104946
-462.2871925216419
206.25781422273258
214.19421329048163
-20.800308007382533
-34.45267819289799
-381.8265170241736
479.8782250296218
-95.25198348764421
215.98638979891928
-453.7896728935418
49.10907138543169
227.56764197768032
4.364910910393704
33.92530183353042
-501.81785179534546
376.8518384437082
-58.825781527181775
284.88522065158685
-378.5834993890618
-61.719467592043685
231.8956705704544
69.40396734478793
182.9289174515163
-526.6847421163532
294.55748179710184
-56.65622820756633
343.3233676091627
-301.13435479894326
-194.11656020923184
178.61990396033934
16.8355510282044
271.746520448029
-554.854474383403
179.49232737525122
-100.58103010699877
383.6348862036529
-162.9533252744483
-252.74259072846507
146.89495919615257
-1.0288360292216527
413.8906231819809
-476.2037694298661
117.58980937331499
-142.85990210433792
374.3638238070519
-46.271218005440524
-318.1655978349617
63.59028111574646
-114.70266122672419
483.2835353417538
-417.8362957982817
43.30326706575215
-188.38560422817932
333.24797852429384
120.66160978873961
-290.87225358084766
62.22875821501219
-174.67250305962276
547.8209410789807
-303.5380221115871
32.180297000620634
-249.0145248571269
230.3319475358835
212.55874949567593
-286.171778431707
17.446018085939397
-297.5523606456189
528.9455816977063
-206.66021647020838
39.866072721756986
-281.26696634723527
128.3557011530785
316.98570044509535
-201.1655441649529
73.59894675077929
-364.58126465398226
496.01559072748427
-107.19987628328542
65.487580202164
-283.41128973696124
-19.801146450368975
345.08095277575944
-185.53231267002786
96.44845993353918
-478.6261893327739
405.9668627052186
-39.7250423435876
112.19359106149419
-232.70570475965656
-130.37811693262609
384.2489462543126
-110.61921435572646
200.86737296744775
-488.1629926846319
314.71135106024894
11.609133867392728
156.18637982856498
-188.93901517584197
-274.5557287644998
326.9336568051491
-117.1354829324326
263.4324632211444
-515.5014819409942
196.19614156415884
27.42511138882388
182.88247274686648
-53.45904591816787
-330.1338646839296
325.15204208742307
-88.81703168825564
378.01556872818185
-456.91058684336184
105.72663436556901
9.192647128881541
170.6445956338508
30.166860188089274
-417.9304155991556
226.91518413339173
-140.55058858754063
400.901819892423
-400.35812598925867
16.94951507117205
-12.39773568846737
172.85782043501789
181.6421481728268
-399.1356826489302
211.4586460703619
-156.98478285909854
459.19264253945147
-296.44439437945067
-43.55392178395391
-55.73951169769123
78.16229926122858
256.0500221601094
-434.55934977337984
127.40491537243383
-252.16743015371802
457.3861044199907
-195.51866226448442
-79.15250191580344
-63.16775482663364
29.464719442522057
384.52368437083607
-350.3226631827324
149.42528594062463
-295.9066579428805
438.6490475357193
-76.16526210136621
-98.57668658184002
-86.24170122549233
-101.7895064563545
410.7007858362161
-324.0733187239927
120.28746891439877
-366.4377699195951
354.68450987890907
14.36686139513419
-69.89966962272979
-64.30454699202974
-175.56773319647402
469.0386465143607
-229.85995640708563
172.5515897331908
-393.5235206110995
277.4857121216606
91.02919164411081
-67.89982281279731
-41.60085371736844
-305.07206589186376
428.1313868814036
-199.6698850580203
186.7401303927277
-388.66890959237946
161.1659232211163
140.0629845887846
-23.173928435332517
54.73265472055764
-363.1603415499044
418.08371008223276
-142.77628643401272
251.34999504218865
-363.6679428541795
53.85244134793286
161.72531463789173
-38.80953769739284
100.08753174001598
-461.9047483024052
347.90249995693927
-147.13559590262972
272.6163683612956
-319.0982221846157
-40.4300760220096
171.81851246599877
-6.867398250132656
222.25740588056385
-441.44655600745193
296.45012200213193
-117.91520241878335
313.08253600480936
-223.09654203246262
-141.5774418390316
150.76562088174447
-69.86025907467084
275.53160875185534
-479.0402884414707
214.4028240242519
-153.56171529098876
316.5005604963459
-121.31731436677453
-192.88670487305905
139.8184829328024
-80.64559464786316
384.5528122898652
-413.7153809634997
178.59597182860972
-167.604168062194
293.16428680332547
-19.718924937950007
-249.71640733997583
104.88715471351625
-149.2548763850177
413.88472797474884
-397.54461822520824
111.10561865169451
-196.62343684345402
243.2676596311882
90.52136103774713
-240.2449744677482
128.2652366244408
-197.41256172336614
482.2766142027949
-298.49663432464575
105.2945634974636
-199.70003118734573
180.03576410506474
174.8349632692439
-261.6122681551251
89.38349970744824
-305.70578212679374
454.9352211813601
-251.1370799450639
75.88052832381156
-222.73050695716032
97.58682598792635
253.676062323701
-215.47398141125316
142.8520284761513
-327.91420414527175
455.7638662487566
-156.61418175048183
96.08485037030452
-207.27031501182756
-17.815865674464543
292.7844384396416
-228.68536562415582
144.31958848840713
-418.6944420710522
368.96451826220317
-105.13551612499512
92.37030370618581
-169.71785148011108
-103.48928473908924
340.49102762591815
-165.18628437858357
228.11199050169756
-420.03605703140823
334.98679867023446
-43.0706281660745
107.19902765952175
-109.75252918178121
-214.50614489793313
316.8213666729677
-196.97780000064137
236.12782286704604
-451.9264658812853
223.2899424860475
-20.75192996817625
105.24586238929881
-42.474596065425715
-271.34755079853875
338.91597651560625
-147.2323078613671
332.07892418271274
-397.9911283194247
168.99755962872123
1.519939298084747
105.68979945607614
39.10438480017344
-358.75604047425156
278.16108928837616
-196.63837734283294
335.0019053988933
-385.4065698412376
54.46213322522988
-1.8170003114968782
90.35611479385325
134.8290921126607
-369.6597237310638
267.4386920464548
-177.5984734440223
397.8106853093852
-296.8020222017695
7.987852881491593
4.596193207982994
42.59756486862575
219.4780321136808
-400.3646035313503
206.64701423149265
-236.28949667585005
375.62567592922886
-232.9732746815275
-58.92641219080014
-6.27686287446685
5.094651103452858
321.2637202660898
-364.4005728044882
215.2945469683737
-243.5731064899933
395.8015409286911
-118.03199649151223
-79.79738356517859
-5.874281453405387
-75.62442030149569
359.874254691523
-366.49458445088567
163.84331970378585
-297.0062205207368
329.97140901738476
-50.41560515103305
-106.31616683260444
1.881746638379003
-146.09118598963258
437.27108579668794
-296.3984987529476
172.74884466642547
-302.36364967795726
292.4176276143308
44.60688263324002
-120.46593921909052
15.37356186870586
-260.4405007666111
416.5568114522457
-276.4521782506647
162.77133427692314
-337.9434794302018
189.96059940419383
112.28549128499508
-110.12505193590265
63.95642955835374
-313.38968236866435
447.2806862783759
-186.64109940762242
202.15031044761452
-308.1407548560956
111.89056370345386
173.328446444021
-94.40624927839453
90.07453807957693
-394.31956172717935
388.2754184716397
-186.98705166940107
217.8626045055512
-305.8294100645482
4.520082444452598
197.48698868009325
-77.24630395134919
173.17303837154765
-420.08233941925414
367.290218254703
-105.62873603938954
248.81064925997558
-236.2729598501918
-84.71234934139372
212.20630014113942
-91.20403771862847
229.9539336300583
-474.7575948268624
264.8013216915544
-132.66012287739827
240.71393853838367
-173.46159774476337
-178.33852184084486
222.85153998777764
-87.32710951057572
326.1906244850493
-457.70191331321314
225.44775156268346
-98.06729376352371
268.35179008984795
-66.11202496925597
-246.85942647830356
191.13406848915966
-128.44683554967878
371.03391310169854
-447.8686654740265
135.80512936501685
-139.39660714143864
233.4748052122172
16.92114121701045
-291.471185291633
166.08054319955818
-154.65595662240256
451.4930767885612
-356.82457951910135
94.34752658533016
-121.64580818689026
207.7413560810041
137.4662459403388
-311.44942907413997
129.39709237090506
-245.78976224364604
445.3182740367318
-305.1013072757527
26.29103608250587
-166.30338122620356
126.49388800769488
232.74920552482666
-307.6112632075455
146.4626552420363
-274.17582671397645
488.3418353659365
-190.8089929056264
40.91524942717141
-164.7671292201766
54.320217279431716
301.11014290934844
-291.801777970648
123.477281897622
-369.67107258591443
421.66214521626773
-133.01845257162972
13.693524439127689
-179.1302113530736
-54.28619147753652
367.2306781942795
-230.94289444939577
172.59216226367283
-389.0374840062964
389.41237431159266
-18.637144570186223
41.67875958399309
-135.17686697933593
-176.01210835251615
381.10797066670506
-208.72275802363143
179.04737918482093
-454.98419960940987
283.1546927160216
21.620933962039032
57.032011206227686
-97.11923430079794
-270.6602499206208
401.0407357592197
-144.92735342683147
263.09582510692286
-444.9264153181272
206.20455438245892
63.65637203118882
85.9647549042347
-19.550442850847194
-363.55216450340043
342.5256369556373
-149.96218765499748
300.2255732595005
-450.2093167414266
72.17786622383379
60.58923467676169
87.9561146332327
84.14295545503276
-416.7248376161398
307.72230513871284
-116.59943457010253
382.9405831199695
-354.72952034212625
-3.0988101144811564
82.02879079458346
89.15295631134038
183.19056977142418
-472.9727715573146
237.85416757697573
-158.7275450609082
383.0941746229012
-292.95714424524476
-108.30268552174654
42.6673667918402
48.911744240623726
300.14997629416814
-445.89329642942994
187.16666175039754
-177.25099063368577
435.1631178042274
-155.75288805640707
-141.5224151599857
25.208460968266586
-19.30250497728239
388.68009500900826
-431.1043700809802
119.2030228737076
-263.088434744278
393.73690816987823
-62.525642872538164
-191.31889839556368
-22.681746196346122
-90.90118463535036
475.1352692625601
-345.56437387310837
112.8674912746506
-297.7544108958122
360.98471613335073
82.79803465961493
-170.61376978337614
-14.126318836032368
-209.95394354354124
500.48769272605693
-280.73013954652146
83.44835752916714
-373.32888439919566
247.3561534335353
158.70822585781823
-156.04793049933366
-13.902007010113422
-305.68024868445696
514.6739414366892
-169.79668269593577
140.34021222771568
-348.6398657738558
157.49657564909955
256.0561222793206
-89.28644720009368
30.84821733436548
-423.28930415251057
443.30963903127
-123.67050735878425
150.19576983152874
-387.0387989909422
-9.188987679965386
274.46390725426176
-62.75865983361576
105.91253570422205
-483.9484228346362
397.80383838973796
-47.207729889496676
241.6061371199699
-296.33524294710963
-110.65744233596692
283.62774381603646
-28.790510957952826
198.14977853016833
-536.7366496806277
270.7430389123817
-50.03536180838189
253.34515586516548
-241.75017143374697
-249.7717796895446
248.11345747314405
-27.75803443253465
325.1058752981054
-524.9918923543365
191.84847096544942
-21.211791953828843
320.44062192378755
-104.62635273413358
-313.82900440839984
202.7231579308687
-67.838723319004
398.86028158283494
-500.5500230559278
73.10996534097089
-91.6103910458421
289.03621301621286
24.40343431331457
-376.5086904355954
137.28999791138477
-106.95620758342663
504.19462815382997
-399.2367000950633
29.29906428769904
-121.59870134293068
275.19898323457784
180.41349504625342
-366.6419515498139
77.75811757522949
-202.5103726379972
524.6537271424228
-311.11647574996954
-45.11753684323561
-209.68800977071854
175.86872263692192
290.1804937258418
-344.85749535691644
69.64602470816585
-285.32673702075397
558.0469842116393
-157.9089220466868
-21.87639942332513
-211.68414477580734
86.91994416063184
400.8388679967288
-290.5269905262143
54.01714921284044
-398.5008231702555
478.9581029917111
-71.7335005962455
-22.855580755455637
-248.00838341427604
-65.02492907329085
441.13722006397666
-211.07213504033916
104.77244925592738
-459.855646180149
433.74913507315875
62.074558793769725
51.74469265563475
-200.14000506588033
-202.51078937979636
458.5635797619008
-138.49946572296759
157.8364675944273
-533.395387750024
267.24963397630563
87.20507717622468
73.63343697710522
-151.49105475411875
-343.98784945515916
423.23500522478
-79.51422978839209
262.50191017284334
-508.7085580563773
164.73868903708666
148.4048733597911
149.50258590353025
-26.021894765571588
-444.2896663488287
352.4974868853459
-65.28344756659348
336.37423401305966
-491.05867575468
0.7172375082681031
106.17970680891904
144.0370017392737
88.64340961724454
-498.43443438823283
264.4937802272717
-68.81209175282031
439.78553882583475
-373.59300486442777
-84.19960248161333
85.13921006639846
163.49810601322415
246.96975336333375
-518.7892936177312
178.7671394423434
-127.75804540118348
468.8343185594942
-280.9824907055427
-201.6600336043369
-4.972183727663557
93.7399284639063
371.52176997219146
-491.2601224448442
100.88517538573502
-187.19207490645027
509.3987881346108
-105.99320259935396
-206.4862053490972
-34.212364703377965
22.25746436036319
475.5411847908677
-406.2415833539705
46.27605249238052
-298.30216079610153
442.71193765920196
15.938381823465608
-236.83499793907038
-96.80535542704465
-114.96184047925088
552.3225867215539
-296.8802613495714
50.50350198930167
-352.30990284913855
380.0554866447777
174.21440435237133
-167.29985375887355
-77.61128136893751
-247.71467349733643
560.2521549112794
-203.5472091391597
55.758176202615104
-454.7863631102275
226.63664408568113
235.51258406605683
-122.74210203397199
-73.4925940304499
-397.0962783807784
538.3172309451905
-97.2670312752472
141.5329548064912
-425.7162262666851
106.02013915639239
328.57478666767537
-33.966093497094185
15.434049174106615
-490.9492643251661
441.48320673849463
-29.91067134706585
193.80936417111707
-421.322959003107
-81.87789258166319
297.28607005790934
4.946674729810783
124.52014085064918
-566.4614358598919
343.8507830971205
17.63412879156118
303.43934468182016
-319.54339430575874
-195.72604826851205
286.88024597079533
53.10274411765742
259.55513713385255
-600.5996119777036
201.06285105069745
-20.46615073203115
331.45356060717467
-218.01109101185398
-342.3910146884171
207.98996381514607
24.503406522310282
382.0365465541176
-551.3917728144959
101.98189572701109
-45.98526095376748
397.0754888008078
-30.318539265701546
-372.39938790080436
137.42643510550306
-21.51968443025018
495.0378582602633
-475.33009419718417
-3.6333234177516776
-137.70388516191005
331.41470668420664
96.52028759747938
-411.7929317472941
57.52991395324762
-131.7982943764392
575.0891148477363
-340.81626528996077
-39.39884845537023
-180.8774274955736
293.01271666492516
276.5655253717757
-353.0568828020489
19.590125045293075
-240.4469405538051
594.847557672938
-222.29175496214947
-76.30351792141853
-282.97753699621865
141.6046195067562
364.7970056582182
-306.81764036857544
-1.2574091964276808
-367.8760069202163
570.9024590133622
-68.74155441649995
-17.849225400681515
-282.95637399105885
24.26299506366949
458.2235115404394
-194.66278789930024
41.557352916185444
-492.9503516308859
464.7871113357941
25.095161700034794
11.399469364626045
-300.97347989537906
-168.94801364021373
468.19545650099053
-127.91853036101348
111.88032407542221
-545.7463045262342
361.52499811447814
129.71483526317868
116.00143972315196
-213.95506272856986
-290.94007770297026
454.8604616497947
-49.854173149378354
217.3656412590474
-577.1425298700327
188.812193643621
113.13326746606191
154.41227493388647
-133.5812743338692
-443.3727846245442
365.54341330689164
-38.491980741332796
336.0440985384152
-538.4262303708216
57.768634814443416
134.42228033406607
224.6468855895588
38.679324942445376
-497.2299644233797
289.7336278412059
-32.93931885472643
421.2396737387327
-479.373543362409
-85.57147264523127
63.36446482198864
198.40784287422898
169.75757150671572
-553.0422822373991
161.56155924778662
-93.49132948729675
513.5488136215297
-324.59451697522866
-155.58075310935843
13.544927836433011
