29.12172681831621
48.60011890109904
183.54500172134416
-167.64206238067024
-240.45804487071112
331.07984515179413
139.4944483792133
-512.4818408009337
43.47087508012254
460.2886744481958
-286.7696915173756
-305.4668310764282
441.1498040095185
56.381673837010744
-384.64116776244106
210.7580217457244
268.90652118744475
-311.2619528677067
-67.47700618419573
251.1197112771734
-92.51686902994231
-125.54899940350903
39.22739011608765
-49.486434626747865
101.99514987842232
92.3964375433405
-290.0347456650826
27.85556657226421
467.9907285414701
-200.48097410657346
-438.378102328612
431.1942498042395
272.6126530299742
-558.3135112373783
-61.89884864704246
460.2623869292853
-201.05016571062728
-295.1904038479551
278.68169483025696
65.74163586875207
-195.07083758145072
122.32600178199795
72.34166678635339
-94.02851781103271
94.58772479439138
-10.486478233118369
-121.93174978599026
178.35582471994763
-31.141650292009597
-319.2388644121134
225.5872560863999
268.01925852432026
-470.06625996188853
-98.599280764314
596.0834897975948
-109.01848339423991
-502.6839319454408
347.8598941112158
346.030016385123
-384.8292378590239
-125.16628449196358
277.59922028118655
-60.56927053806149
-119.51686627502464
40.1244113065271
-80.42231986481626
75.056461376116
146.5238917141479
-195.99790318206402
-12.638345654499432
324.64545309465274
-166.0447528845649
-246.08298416130214
377.8991223272007
36.82752894657352
-495.87373545657437
196.70993260290373
382.1165781559648
-444.01861442347166
-203.62920504086486
503.6545562519441
-2.7148413673001546
-387.0065118867532
168.37899190496688
239.24860867034354
-113.36822535782684
-49.581192709303906
-24.230870812980204
-17.693177935266142
189.18294374680843
-101.13518628287409
-324.4386923852498
254.21747207540594
253.34377365023917
-424.4772144137343
-52.129238998816426
496.48778098140036
-165.03898102182924
-347.57081712717
398.3023426337163
126.99901108979691
-440.08594412278444
108.80664065341878
324.0918906984275
-299.2243199935149
-176.64084846590046
260.32371416038046
2.1821143254174764
-122.26446142703219
37.25143519249487
-33.22395678690412
116.51828847128245
167.99937900048343
-289.948934484957
-100.21680045193783
455.332105389889
-91.78698967052641
-546.7264448450186
285.20241361743115
385.3867417865698
-466.142125584169
-165.42052592148178
481.46181226032115
-61.529670099785804
-310.7442712734042
266.65414805727124
126.96850554759588
-229.54227742976474
69.35222513161247
108.69940040316057
-142.86848204077592
14.032859042442627
-4.177918026590273
-120.4383041409973
164.75694222528747
31.15611919941368
-320.4191080585033
182.82362660775257
400.7992229405513
-389.7849548190555
-246.39779739045358
574.9689639369227
38.629032976983375
-577.9919406121577
169.9349406923093
394.28589119599906
-320.1980314787663
-193.5239902180789
257.05576965241835
-2.89418414359477
-92.31904577685222
80.03200880452592
-47.554596109533804
37.298835955945655
174.0994882745131
-162.15561193673096
-95.8655041172477
280.0211232988516
-125.75940210460242
-320.2129704152841
318.6279474793143
122.15299838196157
-496.2056839467373
114.1297226301273
508.3243013743094
-327.5303160236841
-316.2646395811139
480.8748792006126
148.97912575469635
-418.79387423900613
32.67486589912937
230.63525920894742
-84.41842000998089
-70.52392204925718
-46.11066658415375
-66.1231647744209
207.88247407022098
13.651951001720676
-317.31052030952924
176.892450364808
345.86791567777226
-332.47042009916925
-156.00877072935697
466.61669368294145
-97.49831103323307
-429.75162959835836
313.55474215141345
203.13781865103422
-467.1861274615856
8.785305435156124
415.83945734497314
-187.8279030704243
-227.49428507758753
258.88894287575005
106.05717102839269
-111.35617205188284
7.261012569181234
-63.46988064637844
67.13041479786963
197.27526843622917
-274.35402705788914
-234.90958617102183
425.6379325489839
78.74089996886822
-544.3571269823454
152.11198104395817
478.88063097084813
-337.8554866459016
-243.1662009420788
457.86818796834405
-0.19171989228327702
-361.5828717842881
199.6994846663802
146.0553920638778
-285.77507485060295
4.392242444540523
155.84269362080948
-109.5255657147625
0.39546927258583775
40.59630995978471
-77.70509220692902
181.70714874539055
112.97462536236507
-342.9595742798349
75.30357204294886
467.32666295815636
-324.16727904479825
-418.65306706436047
478.0797043764572
182.20517213935983
-570.7249634267567
33.85813955002456
456.3538043896969
-186.30549018886455
-212.6545278713336
248.39403784285682
27.946005757409424
-111.22892178323202
89.56905933474526
-48.29518011377243
-66.35325117423551
137.24125288842438
-124.76027190578415
-153.98738076555676
250.13004488446117
-47.24486114120118
-321.6804599786221
305.61791753796587
269.04266862011355
-481.59598190305394
-8.873579045903693
569.0228266040771
-228.77888838080185
-454.16787013219
361.4226567537879
226.64987258058693
-386.10485047051026
-67.19722370544581
224.97248634918535
-43.71932872942788
-28.618940286793045
-8.63177959225061
-76.95171364988465
190.45211884144155
116.0691409680209
-306.385213664073
50.400599938962394
356.60323641277375
-275.07045141665975
-268.9123003482041
409.3659066757528
-6.820337193721755
-458.779994376654
267.1462966979381
329.5933225012939
-424.02296719825324
-93.14934580873089
476.76199983829883
-75.50937568432865
-305.57585204623064
162.23850570770773
126.74756203362656
-106.40865668522527
-31.717036390503317
-107.71616918922024
13.683457156738285
250.7899098864322
-171.40035007102819
-311.9470275198438
389.3521354676577
235.74978737311304
-488.29438194241993
23.3469289736315
500.8984293518482
-248.2525361426642
-340.9930303995263
375.98280977426475
55.74564776426071
-407.37576534142426
142.80045131385867
244.88339815252132
-258.88345857889516
-50.642875429144034
212.44555222618723
-32.734519044407925
-13.510817437821139
33.870880916099
-107.83638942638383
145.4302993414743
136.24756459668765
-373.74328695537605
-63.11851045588896
495.7544923401839
-187.7879902956773
-493.43128865506645
397.29418216846983
358.10124900782256
-480.09893741622324
-77.79049429158991
461.72297499620566
-108.50912382440254
-262.9617239422397
206.29626665107594
25.226506622645807
-167.0887746283782
81.58348389693192
-21.220997476086687
-96.76846847688998
127.03815135446237
-39.41013557424958
-129.3895058126267
267.36125235388675
24.95271932690165
-349.2585900197931
248.37033983359996
344.85953036141177
-479.83488508928997
-202.6129209061358
547.2532100975632
-90.73294222528004
-549.1147597704702
247.04000751169673
341.4432719340476
-297.83112362548644
-110.68107461876829
231.221708059397
4.037435036937394
-11.282688792531049
26.614578657067526
-136.59191425207501
108.76279849376711
155.05815966211776
-297.06354001551614
-63.81556535131908
343.07019557304966
-185.27284126104635
-299.68658921614457
395.5820807032209
109.09697234343784
-469.56926770281717
189.24494033614593
446.3317199480906
-382.7997258142883
-240.81738052972548
434.3239081004924
21.92471799193532
-369.8134990761206
48.30033056169857
155.54336365528042
-58.60341861363319
-5.424348288304037
-91.53651335383655
-12.202796643996768
300.8378546696092
-41.152397858743726
-362.2193132511823
281.23950201598154
315.58329261094747
-458.47894698667
-134.00386816053506
473.9568500351779
-161.49262303695642
-403.53768998472066
337.6537813723796
162.816110100518
-394.92012493540096
98.02735323353986
335.3417541379148
-202.0591926326787
-133.57442034538627
195.19993020383944
10.548640860137816
-65.48328073679409
-7.95999876859957
-154.33585240519042
105.68710102688799
203.18261107057774
-330.5181595905152
-168.9336248154784
534.7116917346021
0.8355340058649183
-537.3187091825558
264.0893767551604
458.0649499404005
-405.7229279194637
-208.6177553205641
397.41295360642386
-66.90592074228447
-307.4738683921978
177.11670934733627
71.39035457189956
-176.19099580997604
92.09987428773346
72.09201787385557
-96.1991794303333
103.75847995260874
-4.080551070970891
-138.40369155429556
225.85724375877166
52.101446246503784
-413.8984889218022
128.65225475828174
420.87608813070744
-405.54354470334164
-329.36251500186575
545.5488339499351
114.46699082070937
-531.5452987789874
131.8071287247304
416.40675157939216
-201.86211833870485
-159.523898114934
189.4921956395635
-15.246792077400352
-42.606107027331156
33.77137907310801
-152.0298042938018
29.11951872420706
198.39673199023684
-200.0104126632439
-105.30867294276598
351.32137532882024
-81.39042718147482
-318.59113770372716
355.7865993975245
203.62496274312335
-509.7996519458423
47.14452122403541
490.10829182904007
-296.51752047229775
-389.27744697411225
383.2000640825739
156.05121319838088
-341.5021906434482
14.133199226768848
183.18810038037074
-5.149999548583263
37.669633388100735
-80.27728286356569
-99.96530631362529
264.3495368649062
24.912075860395696
-411.3480373239294
122.2056486092664
367.6030499481318
-360.269046103629
-220.79592451450785
476.23794005003714
-29.199655663759337
-409.45735942808193
315.43928149190344
266.66288018474245
-400.0108805649513
-6.453357651483726
366.1389461563716
-158.71111395843326
-249.11272026323064
134.59444757677295
42.043630369674915
-54.018653775872934
5.6591821589702045
-152.09340906956106
83.16851398123396
316.4375224460944
-234.32602047241704
-275.757572891018
479.2698047678107
158.1948532409283
-559.9265934537681
70.90138660895778
471.8320788892914
-318.260573443779
-303.29396277595407
377.21064242614585
16.510305693480568
-312.27195368203206
180.17013840390356
150.37883161374066
-190.6518769096961
45.16583731562391
108.61541305968613
-87.56248987361886
42.62242631751629
-18.83997410825929
-187.35009540527543
183.61778808069934
122.7222092620445
-421.27345621713465
21.074457617730033
528.5574971449869
-238.2121381910361
-437.4445978829362
480.1984481529426
273.47284594808946
-504.62854918632365
-28.708894822835298
398.48948217457695
-156.396001638366
-223.03134884056786
151.08117875420496
-6.933002561527788
-65.46572252753795
91.00359354644262
-87.74629674110047
-5.802954504661464
230.22308551227488
-114.99818593671043
-150.15192492139067
325.8985514543732
-21.54472541977715
-388.95327622982524
261.6484621052653
278.395554582514
-509.94164317362583
-106.1544041970435
550.1647131870237
-140.40234802962772
-451.53309185928435
306.1856415959061
285.3439007704335
-276.2922888158641
-62.6744444113495
150.08931021770428
-5.517829227884125
14.523667023932983
-85.49686473631593
-184.9692828493615
207.26568281298907
136.14760429828263
-383.7850330267946
24.045723014799552
417.6789810486856
-224.24090889032485
-276.93816747674
443.70590374190806
64.12080456516334
-460.3848931789037
219.6205717370095
327.8728938260076
-404.7506512491181
-156.839441668349
379.15189284186744
-47.027518392567025
-269.81582193644414
101.19736361881581
125.69268431856517
8.45458232967021
43.396264013316824
-158.81055070320474
14.423256532566398
340.4165960251197
-163.4378312331456
-405.6992763314994
356.04593668693917
262.88497520333743
-524.4447624539557
-61.50083285941573
501.64288677870036
-187.0593338518406
-320.83837609944146
369.57666024613616
113.82282313415577
-331.28471206904806
126.98759308350738
216.24935162875968
-211.58487826442067
-47.42039434315397
109.71762861003714
-74.37231133585807
2.744859625370079
-6.510592087165453
-186.64002461096442
186.26936210403707
249.7097257780159
-377.2374874910783
-83.77636150508496
568.5562449536468
-95.19045461292589
-549.4821575411823
326.46044155413136
362.17931761328674
-461.7192321523239
-165.5710277182588
379.3256700218703
-85.06953863452726
-223.34487708926687
167.29448536490534
35.03992337328167
-77.70161312570774
131.1964439662224
-41.03350030067396
-64.64339764411991
185.188661162086
-99.10088014681064
-217.4004698378602
263.29911970497693
29.747247793337767
-441.8588153502442
201.11202098523356
407.4160541827022
-425.5725175522181
-234.46403692833562
585.4971762245204
30.92722456551651
-492.518980257669
180.1085874288874
330.5938562507072
-238.76652742204004
-135.67702223809573
99.67875730745018
-32.848097362940734
40.8218322477088
-10.674868246878152
-193.32410203208852
157.02480075759144
238.28810958183342
-297.2142832605925
-59.02455248104154
413.9923420028547
-154.63864097241577
-346.73937453327727
372.9243987329453
117.14444531848623
-507.3764375434684
96.1711333788168
430.17143106534496
-334.4711379495103
-262.7652980682823
391.9889371613931
89.11989172334368
-254.07058421959462
56.32184700268367
118.84747341548604
15.366419638304349
43.86142084961374
-184.61432074195193
-97.01846113469651
331.10479185012383
-53.46883858088804
-462.5083781315529
239.92028665261648
375.6317894181489
-412.1327872337659
-156.3215512935351
510.86130758872173
-80.32504998798427
-379.3352816725299
307.6548583012385
159.3094134340744
-377.84777079429966
17.360602586132075
255.70565701648414
-180.77322982598068
-116.74283155959549
127.44372438253251
-3.1789237832480883
45.874820281990594
36.36094273960979
-190.02287491137173
143.72121257014294
317.2274312285099
-351.53422182227
-267.62667464910703
524.7500671328164
48.16149092987108
-606.6602641711718
165.0225402048102
458.56271243833
-339.623290808913
-217.97623147226383
379.83527962263435
10.947442919952612
-224.84209108057985
161.1888137304056
56.47948740714602
-135.11868304631867
83.9904436796509
-12.752091254854667
-124.63691663620108
129.14735717814048
-61.0095780597487
-209.790328257123
266.5637536696894
140.26965230883897
-431.0597077236649
116.28537918468433
511.1689812072769
-321.89925242505404
-385.5845569920248
491.63436533803144
155.00239530528356
-538.4589032435989
22.495463711866208
342.5916976340984
-162.89835115545952
-142.58923525485423
114.00849610098663
-1.9714279704581834
61.98302398931117
72.29322842474642
-190.6992314847581
74.95742643869771
255.11266653549288
-247.22241702129955
-175.25316106963675
364.6056758115075
-93.06615200507919
-409.4263414180191
316.50641340913415
248.63458581706598
-485.12607191782064
12.962582201411184
544.5719671851406
-198.10217953650553
-356.0809016994194
322.17885987422346
177.23728265986756
-270.0534222107898
-57.478016734080796
61.51221680825614
-4.626936893119163
78.13887685146571
-156.13708730607186
-170.30648318463673
329.3257432775533
103.04432155830199
-427.0836504494445
126.94247138966213
454.0640018763081
-319.6904037208087
-255.61946405779605
443.6138038455832
-12.482100058465434
-448.5972725621078
227.61892126008652
241.35681638597558
-376.4304250160981
-50.242541386284465
332.6051996841265
-82.02050274940892
-143.1224203058163
115.29559467625342
26.12595475502019
52.47944179331075
39.80010405066305
-254.11908495042923
37.209665499332026
355.81821563710196
-282.17844209123956
-390.83941003056674
450.5199552247549
224.06444839916676
-542.1041214513999
43.903322989387576
522.1205779945843
-221.7299072358978
-283.9411798774788
331.74925531930535
46.080765875024966
-288.90401681964187
113.30144702657982
77.241910535496
-178.92966574516205
39.47443880687353
48.482860746745786
-98.74721184608593
129.88259762699954
4.23639552104539
-215.5408653776933
253.98250813337205
210.4406640820662
-442.84833690120104
-41.24679412801474
544.8750330165607
-216.25614273922997
-529.6850155235683
386.35490826514115
293.66659498764056
-458.1942374130328
-70.88151016851882
376.1388041865741
-62.09799276854892
-144.6688852295257
121.03058394953571
-17.54353305390606
10.535092857471657
89.83561401515547
-173.2355013986031
-38.720455496461355
245.6983649838137
-186.95571079149485
-220.88175901479474
352.11652413200056
11.053052383734503
-405.2113843368588
279.05991515785877
380.58952225195713
-454.0806744605862
-142.55892505944453
539.2835474474974
-84.04669689712364
-456.23679299185005
197.711542871704
227.83127820016995
-230.56550783927568
-81.9556076127389
68.37161514774635
16.420987404764375
136.22369714090243
-64.67506125814405
-211.86097001595806
271.99513092448876
206.4681057998649
-411.08778041505946
-29.776662042822043
439.0673456924024
-245.52746592967398
-350.11196345531715
397.6241544743636
85.14364235640254
-449.3855022131092
183.23616866027353
372.08528643157393
-317.9307653573061
-135.66511165115307
362.0371177723117
-5.3798692236231584
-211.2769698746263
41.15718422209713
15.488589707421307
30.07094790354083
55.447894403836486
-254.9627101394419
-42.98947504855706
419.289999426629
-101.7294388235616
-437.99379726027206
364.9134618255493
368.32665969214344
-480.18662126280157
-109.84957396254312
490.04452676258234
-150.18930589726912
-365.7545101886485
269.9928768542383
86.09575325988794
-305.40266175144563
84.85870715196934
173.78219461334584
-144.58659404181728
17.222208566021767
86.17307769971092
-46.768373993468806
122.63763072078325
13.936415288404252
-264.1647131538865
171.5643235775872
277.9573567288691
-434.6693366218452
-199.73752218240415
559.8854551533796
-34.749775406708814
-561.8768863308147
275.17705762667987
425.7188685070618
-356.8690153316381
-155.3724768102905
353.5465612497943
-29.014697844635553
-180.49774364128396
94.69829080622348
-43.006239903798445
-73.84667036410767
109.81755815007537
-132.69779359708323
-74.84109613635103
242.69215987943306
-94.50742452193452
-217.45787945623755
335.22439840986794
102.69635453793826
-454.9977987543019
165.31523860188668
451.9448044173482
-416.2164713324769
-324.70632320016847
507.3757573023227
56.03333477553639
-470.4402502760066
100.67417253049418
310.7605956005753
-124.69964511274239
-78.8811162575326
68.6104297640029
-1.8673725526456764
140.4662871537461
-10.587655419457336
-275.8873364820202
140.82266664624493
246.32742022221535
-356.19980638059457
-139.89526933327906
438.64147317007235
-121.90917562479838
-377.05892739716165
379.2737251402495
205.5963065764563
-463.10912283523527
84.14611897218649
437.0821564323351
-254.35619132682243
-275.41080863651223
284.49411318014245
65.12208143612811
-223.5153142046505
-17.412228295054877
19.50021368128813
58.60862272317827
143.57937940435846
-203.2702386664441
-118.99647816686141
425.06826275714485
33.00325640859604
-486.05255696640864
198.8658006400618
411.7573244163792
-417.57602023010253
-237.0310722619654
454.41351286561303
-66.21685822401065
-382.48288682833663
258.9514081886847
193.29891301022803
-288.61667633508
42.849514877333405
241.46817912967617
-109.94466964900268
-61.076673227823214
69.77466079103705
-60.89819335842876
79.22869045314657
23.9641160024711
-308.72027041300544
92.12532844338608
378.08072376243706
-330.12855108158
-314.1636685548778
543.4819057227189
155.15883529488073
-566.6710366041361
118.52085453929197
467.2844639174946
-289.65012764987995
-266.76361190833563
289.2368966296666
-8.032556109016177
-215.12354177203056
101.108541559339
7.916379723747795
-78.26193583263534
137.67658059263206
-40.14296255608882
-84.85500586591873
226.77858542704604
-44.798348096936564
-271.81027614489625
278.63347780127367
166.79656841659153
-504.14233597645114
15.863391429981228
523.0224668355003
-293.27145652210385
-429.2515655121116
458.7245587301648
243.9127464743337
-428.4467711088979
-3.7329213870822286
319.8227256965776
-78.97621039280513
-102.09689375138886
29.56612665138968
-82.1447289191287
92.11340887610339
45.724716562215896
-285.34528093096577
49.838140756595585
307.8867172023179
-243.63955332009184
-177.30403291657677
439.7499583781779
-15.975730101351047
-421.1493107304255
300.0147124271833
292.7372011784753
-478.1694347647781
-80.0345787776937
469.50328669694164
-176.73684580451595
-379.4193256373904
228.63748111144176
169.13523927823016
-162.98241800233225
-15.073323993120095
18.54492783640626
