33.121726818316205
61.187879234989495
-291.04109716636253
-25.505097846530347
477.1001055167319
-41.01867424028932
-499.96636932331126
-11.568755114217717
285.0919451618764
19.63146309205019
29.484676795055098
-77.12306645295817
-290.83996857785576
186.36145183035805
525.8980364179685
-221.83865275658943
-540.6421866202337
168.85381561117535
340.2889378723318
-118.07484149495559
-110.40283878758405
-39.49182544925407
-160.93912606813905
221.607082336922
385.44657869801796
-267.21411043029667
-364.0982763353234
258.61827581657684
217.86151131297436
-159.40232993155826
-28.767891012785714
-78.96359442417248
-247.7597538346382
247.12919527995817
397.5984990475706
-328.30321817255304
-381.69289941213253
337.432463682852
303.8186965513915
-144.14195182470377
-114.06434619419726
-141.53064534136303
-121.75896812914065
349.666672077592
208.58548204572625
-498.22985645106553
-219.41076842527994
508.7076889759758
190.1504204055393
-263.42863034325717
-34.77466250204628
-9.575997950301828
-94.94569780439875
253.13747193603385
111.71736273102336
-453.7433371516643
-137.83128238192435
428.0630512131022
100.79637662212392
-188.5041605167354
11.560280185029432
-63.77559707568208
-40.661412030015185
372.8302693883335
57.61660581819704
-576.7479239902636
-86.09917749418358
522.4339910989447
58.74481257980706
-324.6871358353442
-40.63176726259093
31.294221465097994
100.87705583111524
320.3232143101921
-111.23332851807595
-506.0566203043847
129.16774738128848
467.11186638782584
-168.22377498872632
-317.4434722082011
86.38108947030273
23.40110332927047
23.803301891837815
296.38597456690184
-78.5452612290495
-425.08036308121746
160.5288476031543
428.79152296575506
-160.68635277003318
-282.26847968958356
20.95108840703981
-23.86882526677317
114.29736389307912
286.01801824380374
-245.75655446710633
-420.4469809408829
365.8326691331633
471.1620938715383
-305.9267821856801
-326.9202605874121
124.11927976921389
76.77059128441972
58.54144523311524
114.38041345251858
-298.1695216831549
-248.86012154970962
432.10764217682396
291.5970095514067
-353.4513762924617
-151.44483588038182
190.10034882417938
-17.0776884441802
45.7055526574292
141.05440112222522
-325.54754660525555
-285.9466007515994
433.59912387732714
274.22730393779136
-361.54703223937133
-163.4658887395893
200.99828078926282
80.06355773460251
126.98257057864579
31.805873853566666
-435.4159419493922
-114.78079391723477
546.7441112660523
90.95320385656204
-530.9915665626355
-47.42642972152173
336.24742695813757
44.72236849288117
12.791271374204445
14.546330587549223
-293.2066035740551
-14.432328729083212
442.313074062019
-56.27136190521722
-454.44529838431873
33.474730806040895
234.5456317863418
-20.688097631768915
103.01279280731839
26.650236924862533
-345.4116252679894
61.319514619529315
529.926492225287
-94.65717760466552
-532.854734463903
43.409491507195185
289.9085077941116
-9.564262073541858
-1.0107366458754283
-100.10761193139474
-251.35190555486966
264.0989774985722
466.5455547439063
-290.74420550458484
-451.8200864111663
242.60011542618136
256.9384282126128
-167.9057915201658
-46.06925576205482
-51.41475631530047
-206.75160711889777
227.45442505608995
385.9438434620447
-271.12347302528224
-320.89128048321265
252.22315334932276
195.3562931507158
-104.84437088625046
3.054526732002966
-163.6048920751351
-240.66779655929602
339.69352914575273
361.2621991529522
-430.47529629559875
-323.603312644196
412.0595185189209
258.8532482105593
-177.2893889644646
-95.45743595705164
-112.75645690085007
-82.10631917206636
333.4669636406695
127.50717572126672
-498.7997849814785
-131.997156352104
469.7227081931246
105.62232773650254
-214.4796754494658
44.07237898501586
-50.74748784484273
-102.06850192269589
306.71863155036493
108.20414377402581
-496.50961879865946
-128.55279343493572
427.2510214094542
85.90107291533371
-174.61915890550523
-18.780101657018704
-88.7738260602623
33.20060948640714
409.5322198672035
-51.14445915278158
-598.7624053314095
15.768256682978802
524.4629709156259
-57.55608890313117
-329.9422835990777
19.133863936774905
26.91531716609213
86.11882809427476
308.1240081299017
-125.88694409165429
-443.5782109887198
181.63414198232397
397.84392708713887
-184.57587088914505
-243.70134365645976
75.86361514960974
-60.56220983850214
53.70225160133283
359.09835468840276
-145.1581096714432
-450.2575258315635
230.95329005116
446.05818346688693
-186.69152611620962
-290.8069250754765
8.032779073468014
-1.1784341421244893
155.7622417829103
225.55154326454976
-336.7888170829014
-351.77297171214076
440.9481693423587
392.217463959603
-357.4408108335621
-239.2315452941052
165.70281319013938
10.09296005466487
43.29013930638867
124.51383418807345
-304.0052218912705
-240.92223184033378
426.84872770093233
246.06493105510725
-321.9130311575446
-106.06885036526052
132.76553110564626
-16.070413490185903
133.1434536937238
125.54732353388772
-410.5344300173931
-240.31411991610244
504.991701735203
219.1484055555223
-426.9390813521418
-141.97581540203169
235.79740851432425
95.80913894481054
121.49437921578509
-15.685099982528111
-411.89685847294555
-28.184069019676294
518.1739115492059
-26.731210917163654
-494.38309576511944
38.850265820131746
285.0965545015361
-7.166548643935747
69.53173829661876
33.5393149015317
-331.25359906596447
14.841202278168332
454.99835572155877
-59.962683629200804
-450.0754815447514
20.568479771346745
191.125098354159
15.761768156962127
132.17248388950955
-56.94072057727229
-371.14088063211335
176.143091749605
542.9191449998959
-196.27428336093863
-524.2468237561682
122.82744952601904
282.2580180582414
-50.428136261201885
-24.73393241097783
-122.34555648751851
-219.884280228804
297.99623737222123
400.05038814248604
-313.1247197493311
-343.6056824517169
265.892135024934
169.51296183195103
-153.94078933346367
19.37955564381941
-91.84353127669921
-262.0589949713105
270.0074033047076
392.8512625721199
-317.7680096382057
-317.4098615410971
285.2675607785413
215.92071402114428
-79.53913104074357
-14.536833871458779
-216.95162505805507
-185.4644612132676
406.1027210341684
255.34063862838164
-511.72522674077175
-236.09868468974523
461.4395954024934
191.9499300610036
-200.40750633764694
-41.03036056149796
-97.2006884812775
-80.41057375265017
333.1359708584951
79.07342838809596
-480.2515019622147
-85.82348609941893
420.5351101141525
45.5986998620835
-144.65473603484912
64.08433020724803
-132.43734384134197
-86.1135768606059
389.8641192630771
50.74685768878072
-569.2677454159635
-93.71242264824082
452.8861044199832
53.002797724201834
-198.60830773254355
-39.47519967249344
-88.81345857942593
112.11627276193981
411.35764924456726
-130.6436686683627
-560.9037432408718
136.713572928955
469.0685395126046
-152.48510699831974
-276.01921366207574
52.80646665764483
-20.929351447842553
77.05121814521623
321.14652268869276
-135.32578335504536
-420.2146230748598
192.92427276781177
368.7929908156041
-188.83655547026672
-198.03089212999666
11.678674440929774
-107.82299540907132
135.89150447262338
346.1223854860939
-242.4634718740648
-441.6471725584497
336.7485093380548
439.7194130629198
-240.86801655291765
-280.0412234587219
42.2925864896808
7.5513028718198765
169.05297176232736
163.96383754780368
-378.3388967133321
-264.2736058155323
480.2228540052696
289.1204510184907
-363.88098925656607
-134.63217574109257
161.08632905875967
-45.68716755078476
83.75870783682416
146.69136555255002
-357.3519897592934
-249.70468397071346
422.5726962814124
241.58117359634971
-314.22659639776305
-95.687515230396
108.5090488179952
16.12130710960613
193.96452604330227
75.62009493548848
-488.8773227753027
-145.0456906276717
545.7531921115864
116.96358720698696
-472.267171515746
-60.42435489949176
249.81254027879322
72.34141447413015
104.03391007613192
-33.096742009820325
-379.25627946482837
33.26825971404967
472.15327928949716
-80.91280766974745
-432.8353136281963
68.98063029226255
181.74214097328223
-39.860773165955386
147.85652548219687
27.638322953244526
-374.9580342390502
50.09948999720062
499.4727922859101
-92.93135460451214
-461.8152529781456
23.580296309896514
194.57749707917813
35.63822010630469
114.01405203679666
-137.40219156340277
-345.5627791905672
281.86176129221514
517.9992153698315
-285.54985170065646
-453.82834770490416
207.74659398497207
232.28196774420974
-97.82508131603878
-1.9434723580182554
-114.55860974450911
-220.0080668162057
306.171514534164
368.70297639783496
-320.4920784789219
-290.4457753940845
267.1654356660419
119.42333913677092
-88.90588800227401
55.86243123562782
-182.62190070596438
-284.96874191500746
361.1251938468115
366.68086330442486
-389.18100894489424
-297.34753430002996
333.2872767170769
218.46031586690506
-82.92355925673604
-55.48433584354351
-229.80727765143502
-124.0171140641469
422.593693791534
146.15601040121805
-540.2224694965495
-125.43047798314444
465.32201747004876
96.58475566777453
-171.01662629334774
27.501894572696216
-110.62330778718328
-83.87092682452256
345.73075284029187
68.9191213931141
-489.6172957480598
-77.83422772707542
382.5447233781029
38.74199149055836
-93.1958642341649
17.64717685191236
-194.49604800143632
5.543730132853295
464.68395357832367
-20.229863150000277
-604.7235709138101
-8.532387801985928
467.03265041995826
-8.165392397375902
-221.9222816512168
-23.846333860244794
-61.18041626740926
152.21776238014291
375.72567770329505
-184.9248804369534
-479.6013049415702
201.74378242396693
387.07865346554
-209.2838684584576
-207.5334283884775
61.77105423430307
-108.44848788487667
84.10802162994692
363.73769862855477
-172.08592296434233
-422.48162278186356
226.28618088727677
365.91708759012505
-168.49084807131666
-190.43590359462345
-41.53340891970966
-110.68205728153018
203.9906711147119
320.15445651467536
-343.40986018474143
-386.7059689161601
436.80602146279034
381.1690694929327
-301.52333641823805
-224.50468743763807
71.00568216996882
-7.106958776832929
144.40033791226722
138.61879382101412
-371.2011636738907
-217.94093457648685
460.43249144446156
221.20478220677558
-311.5220790258113
-52.99156510546409
113.48270650158298
-78.50306851808628
168.63529940663597
159.2528264512718
-423.7339054108097
-239.8901958543403
473.16455892732836
203.96464602054095
-342.939409792605
-99.564665573557
119.65505025031679
59.03669945731042
222.90880467084
-1.659853401602805
-505.4616091942982
-48.56601023341219
545.3122985114485
-1.9955682900477179
-484.8868956382919
8.42572538258335
226.61010494224655
28.495840421513716
142.79812227310822
-17.85944720281341
-369.8829741801278
47.820319240099046
452.7798971349252
-122.29016819939784
-393.8453804829778
65.77997582870321
115.4988024992097
4.806050044326814
208.18730148308518
-45.13165059967761
-413.78422299914774
156.40509189567996
543.611694218908
-169.06361683146366
-476.543802894142
90.68931171046842
193.09157948308166
26.643236592743904
71.34454872709593
-187.42363671002542
-295.7070231956624
353.93751088213816
439.50288419108
-336.0135258866559
-354.4284058174754
259.2943397155444
145.3316046158261
-110.82231870057011
47.776090241079125
-138.41781361209433
-253.82896868651125
308.98029243612444
351.29291662302563
-316.8976757082199
-250.02960568466173
245.5198522856315
124.39468667302587
-28.22505310299915
52.899332779638755
-288.90258129578496
-251.83413554305693
436.13619039744395
299.12321341471505
-473.6552855528799
-237.88486415558341
402.54143288776777
182.2340211933221
-92.39711514251721
-44.51358605634611
-208.22698429596022
-79.1702115071403
412.9820389302776
57.31782026809144
-521.0038387436731
-59.69983527363153
405.8508832580944
26.663567988325514
-102.88070747145964
62.27186062609631
-169.9575328584523
-77.13572570068679
413.70238155813604
47.69763939803492
-525.8316566464923
-74.59902527940565
361.7494815096274
45.96235487355405
-86.01337792455148
-19.9860379011656
-206.34449677578718
104.74109899085114
478.84921811076225
-122.98140840837208
-587.4849217176268
111.80179770146464
441.34357902936796
-102.24606070527246
-216.3726177407658
5.138292000424849
-85.19224180437965
141.24443365971348
363.4082650953109
-198.7121485378588
-419.65905080058775
231.24663543537434
318.27103612848396
-199.41707209002269
-129.30659748280507
6.982596538797838
-169.8718742851905
153.52567644510617
399.3809956064861
-245.2757955602698
-424.69461719145323
294.8106225687843
381.7051009489583
-194.89473835146126
-202.67589768005695
-56.66226480410025
-80.5390565537442
254.00548295410792
242.5386766191635
-415.38869413655857
-291.02042161340955
491.43890404340084
290.12319880446006
-324.695594839202
-127.36894703169685
90.6071259618223
-59.951590717657325
149.517597174537
119.65151719118938
-395.25536725446625
-204.98173160727896
441.64311295644404
171.9015625397591
-273.87862759883603
-24.610386697322138
40.736499430671984
-51.737497001671706
248.00038915565324
109.97900178275394
-512.3640822560037
-171.66379770298315
523.9520306670471
132.9357989581697
-386.84396411621736
-70.33939391314122
139.59779722157015
84.88552145082876
227.61320950314618
-59.963677339718465
-477.47277155732957
60.768156866323395
518.2980091532584
-113.18919381921471
-421.5239189090224
80.21626454075884
159.29093377546704
-12.040458274295426
189.45245937125898
-9.26798997777737
-394.39955567904883
86.15372497404714
457.3319117830605
-125.6413677392918
-371.9758396202082
41.56225953875866
74.33219938562317
45.747597624103825
220.82338321306176
-139.09714488863196
-415.93482677112013
283.34796138964174
525.4894953192493
-264.12612620826866
-442.72693013340586
149.36291820877952
169.61966541205067
-17.600116286890497
54.04730465456911
-213.84186573595173
-253.1737347654594
370.0077577140296
365.66714670182023
-343.23546458495605
-257.04585406051496
258.1366447348216
69.71407180273887
-68.65586779555471
89.91795391279169
-207.06353870206314
-292.4110833153714
363.41154299619416
342.56089399827914
-356.03833799160657
-244.55573296799867
259.34695429294777
135.51875835291543
18.816718309412927
17.967995428809527
-323.96474666575125
-155.1858244579877
484.02031076124194
180.76838415027083
-541.4893514833907
-138.1863243661057
415.9713636978594
92.85014744141819
-102.60723861022902
1.88795529773745
-199.02136297800615
-66.40802236080069
394.56794988917767
18.290495633753807
-494.24883569464504
-17.363911554754832
338.81746197168536
0.544363439124256
-28.695051364741765
66.84081467340604
-247.9850278994249
-14.676010439400851
480.30524552814586
-11.722107685954697
-569.3135964037965
-22.381238064770265
377.5224447391279
12.834041616232163
-104.55254288555699
-51.3560899441059
-188.201967557086
175.5388831608915
467.1799134176423
-211.87178600018504
-530.9055007519722
206.23702898841648
372.41226629433345
-187.6200864298721
-163.27691983901784
19.772946941568147
-123.14470447240609
150.01125166376045
370.394526399961
-201.84951553104162
-389.5245740248264
238.94236148765089
281.2381284846808
-159.5527456059924
-107.24028267288357
-58.67820715347368
-199.11135909749865
232.73484416981012
379.9089881277159
-340.1067546775441
-409.08289817215797
388.7845112654223
357.8308502408023
-232.93214332769654
-175.71510563591107
-42.92674144794961
-52.90711714899482
250.22834604508128
162.62026884820133
-441.9478383477978
-215.73624801235474
498.14602644253034
188.9136937401627
-300.19369375368046
-37.08979808906082
64.1829430627236
-90.22339847089816
194.88268652327088
141.91668836790248
-439.97051182578326
-198.90161898574564
440.004209539586
165.4864570665554
-258.0483673586408
-34.62229335004647
8.86379858755471
3.010814986904589
320.1317651310296
24.733339927899443
-547.9875719479521
-69.93856790445251
559.2993402164747
21.138693234907432
-414.83117898040496
-10.513974018489703
146.15272231002794
69.8764430747995
218.0863594332374
-71.94526702785893
-433.8754736485809
101.61885585791575
455.1147336244735
-152.38289966549442
-354.0569914342658
84.27991966501558
64.91139653730134
-0.0037914203555104997
263.00393807480776
-49.996346611763414
-432.6044505894332
154.7659851121071
488.57616630515224
-156.5087288303933
-381.90650413416876
36.17452176994583
89.37061175706444
85.87057569711392
192.443945349605
-238.79243430600485
-362.8738023842749
387.18672025885814
461.2866406293017
-345.54223750271194
-353.8354802755102
211.21163134426953
116.84140787335765
-41.18307451927511
73.7351780866182
-206.23536270746072
-245.06750753187157
379.7493053325338
325.7182224217694
-331.22664957108475
-190.80596352187305
218.97202959726542
30.441232430301795
11.46082057092968
116.55727789986378
-314.114445964517
-284.25569372000444
439.9207373882388
307.39454785519496
-430.89385927921415
-213.2778352501793
301.223497939235
148.73766820491346
6.4322221664087955
-11.545494550461719
-322.90225559324574
-89.08433194823995
490.5705696312085
69.4532259189252
-540.6434107741956
-41.295856868767586
391.34720913890163
28.195148475477243
-47.22512999666677
50.89408809803592
-229.02444182656052
-56.869234607620825
416.39876812313565
-1.4603931819519107
-476.8224979863505
-16.61058221191465
287.49713517988357
11.249050356862753
21.136591524620254
-13.170089377278291
-289.69481012559044
71.97324407687857
531.1864330332156
-116.36446612080275
-587.7093319044101
73.50144437115527
374.2132913680591
-51.04185665116547
-121.51078295798374
-57.35492918467539
-154.84334856172222
215.313896467351
406.78378574715606
-247.0251793095458
-436.28510027593325
263.6695514551659
281.77481948059136
-189.5453165898561
-79.23298262830178
-11.040407101278017
-194.34503888980132
181.30985637925176
399.5642182039216
-247.38377495589984
-384.5035075151664
270.98543014848957
284.6101848546809
-133.589055042777
-103.90404699914093
-113.66417298819508
-164.98533092092995
303.9274798122772
305.6260336745175
-444.1285286293243
-326.71614738290526
473.15609943874955
286.3429207726901
-260.2824620627034
-116.85136249339155
-8.98317690103572
-60.81578712419901
237.10452023911924
113.42286513249736
-441.7533537062544
-152.77810765922226
460.7866453308225
123.5552063133837
-239.48884664428445
15.288292851397685
-1.5029488205618078
-86.15322140430911
290.3867354343203
115.47138740486264
-513.8449889231522
-165.82893978505007
485.11242429166793
116.2278970882418
-284.2682725665009
-51.63507930700818
17.39583172506086
75.39668501287736
328.5884397070323
-60.37496494650936
-543.4564879171794
46.0120361671238
529.8631336963134
-86.05044011296951
-388.1079366027632
57.65402501792563
103.13739435420646
26.04506932684717
234.87661938769233
-63.45200365395832
-411.4273169575791
125.6269321477464
422.61386900811465
-165.67426465367475
-302.38776143436223
54.5760201781666
-8.023867530517098
39.23901440955351
310.405085034431
-139.1836995926541
-463.8662716722006
251.78091875746972
507.30424263221295
-225.24391364956617
-375.83773462218375
64.08969448974618
90.74346424242624
80.32741711002934
138.00254315401673
-279.54787323884716
-296.82808835416654
430.0840236086477
372.34220217290374
-371.54281299154536
-242.9810096535379
225.35403767472053
39.60518351441321
-20.622284207264713
122.26482673584408
-250.14505173359916
-280.8862878070623
382.78291996957483
305.70661250106895
-332.1823208223036
-174.158571593498
182.5369870374838
52.58458858915773
82.36925656900583
72.48327294487656
-394.26320160821166
-222.69156261897146
514.7031147847728
215.69530470624073
-490.4979776476108
-143.3146453127116
332.39326561042816
104.28823906354178
10.446912283766782
-10.972579337967742
-308.0731598887584
-31.916037977353888
451.1850678773346
-24.07416764842575
-504.43675582544637
17.66337297411472
310.3933716850499
-22.21158145547248
22.544927836526607
