28.12172681831621
62.51190790886902
278.45619431009237
-310.0070430055888
-256.25960092739246
525.843209846709
-25.592258307444318
-521.2280783387163
243.98447933152642
177.71247319618703
-218.439265868128
52.62389028401867
-47.84237200858319
-3.1927464633033065
282.0352732890106
-240.88564288031992
-134.75773210130217
448.86764790430215
-176.1245057121418
-337.63325090052695
381.21186983579355
9.765627621367448
-332.75579922430575
147.58137428603033
37.963102398397226
-34.04880305286421
105.44656259292304
-272.72418526659624
84.07288987848406
468.63576453654656
-371.9768779256586
-287.7280210507431
534.0466026115497
-4.932702749665693
-378.05960085469025
93.45614356720608
30.343187229215086
63.39050730293308
56.964405666321355
-381.14575989865403
128.71264434690283
472.6641418782472
-395.0685887984086
-211.7780090022846
490.37778713823695
-59.7125623961411
-226.5816827824335
164.63842821977718
-70.1667005883886
38.03519077154021
90.96412499947758
-321.7565960399667
116.31195829670642
285.28540849427026
-418.81405066422184
1.5388865001932213
458.4558005807839
-260.4061878144655
-169.4026316888377
322.4064843091304
-41.91189833140654
-39.34590206169722
1.5893709825895712
-203.41310418930436
276.1937958198289
121.38513785470869
-558.4594227823853
140.26018762607958
509.37418791675026
-369.7012460474282
-212.98038543740248
303.00395078454835
24.35651839738738
38.71866235168692
-72.11585346253953
-231.66766400125954
368.6576429776747
120.55498227177367
-561.350940967756
155.95956039638227
381.7052622783142
-367.1776193721392
-78.92118427981838
227.2849873125309
-106.58474323802177
83.09868727552566
8.645308448831482
-174.29773355978355
304.3270956778267
21.12874793596601
-395.4748509227317
316.15819048755264
191.01370767515746
-491.98198683768464
84.97634159019151
288.35307730625567
-221.1016377966301
-33.458830416261534
5.613833269445572
-16.69065236450342
314.07408514640656
-173.22558339452087
-356.50669594361955
513.838817289957
154.7593647877941
-559.762581032089
111.40614737258355
290.369223078438
-173.3222868162008
-44.072414955404966
-118.97989258694199
-12.50228394099641
372.6930030498475
-227.04269923570203
-340.4999884493835
491.75026888159016
94.65219093152344
-441.5323969516543
212.82436690442415
158.9827706264263
-206.28406716002698
77.41151317814919
-67.98586614982995
-66.90366033642191
231.42610012725618
-232.03793966923106
-153.91069274661749
465.4454755587884
-152.41415279742134
-361.9768547915064
417.3598149554673
115.06783318779853
-319.9678674952962
87.02621237034057
37.686028966924574
28.45157827560054
119.97769318319978
-387.8411626652451
-19.465891222394394
533.4074073679914
-300.99220966188346
-406.3009584790438
463.49617898076235
128.77535033961675
-258.4500919568177
59.755548408472976
-19.180814895738845
127.50703871679988
168.46518144418474
-410.69431272084864
-10.864264055670697
460.4438388483699
-318.8552049299589
-271.69985697538095
398.17754290938854
-57.85508447531178
-192.4755029396542
183.56895785151133
-59.16596954266277
39.38051716917018
138.09807321644413
-284.164564593174
132.0724981471383
306.1130836322196
-448.49282995901825
-76.5592923913609
476.89910239035476
-243.84606238740372
-261.93645595053766
233.7204828547097
17.84421483588542
35.5992966983017
-2.789972046131357
-263.12321884240265
332.4663040128045
280.56962029382464
-557.3501852370576
-5.391211089429418
520.358412357671
-253.2673700626756
-262.13543708997787
160.47176885746958
-19.29342225545724
111.84730575759382
-40.503345996575675
-315.6352456557262
335.3580192499511
246.36162770771588
-479.33572957898565
105.34944254324702
390.9985482648774
-306.38323928759417
-58.134609612881704
207.30354334268438
-151.26484513664153
27.62042180217763
-2.1061624862268635
-197.44195881208202
293.2968308878624
24.856873627218917
-431.58807679099937
343.01400822442963
305.85135041264283
-453.5159871623723
8.746585252423708
315.97998986188827
-128.31697580011354
-49.72514382958898
-111.53258691485775
-79.23221037954501
377.63857313793545
-151.616554382614
-493.3369859807696
423.17859831843487
287.68721126565515
-463.9370127031648
35.93309707892614
263.6470410636974
-59.712857285293346
58.28840411115703
-134.71012361050356
-112.04087868267095
388.919739244678
-153.8690225137505
-420.59373805424684
399.85037706096233
97.8984855341561
-410.9941737245126
192.8982028075404
165.82948854203184
-188.45997620243764
113.96448695388302
-15.928018287696958
-32.96361705202641
257.1354499800399
-261.4184726504418
-214.10265839324222
482.4952440696397
-135.17973265666546
-479.1144570392017
326.6910550876869
188.99634516643823
-261.3009251292188
10.734362099242814
-17.266572974211375
121.25802229559577
259.1302097112567
-391.3825345745526
-124.11500522960378
577.0097235693827
-169.9278160778836
-473.7892899247699
290.9501530571486
127.52051672243454
-195.3831858113551
32.463223686167964
-106.78947363557955
99.06912369844234
276.9127850026823
-347.8293389686987
-57.802570144163795
477.80988561282646
-231.80938306130352
-267.7572616369013
374.7179603160154
-64.95390291931507
-233.00614524798382
152.4771402740672
-68.77650819631198
13.135260057966743
111.71280149391451
-301.0518055905753
155.95051861716362
407.6990405711953
-435.34807662103645
-146.03885411251014
525.0999856012071
-107.08533602406806
-299.75560696612456
135.19285156100207
0.6048454991585954
96.93108250361324
-22.641337054281784
-403.7256702718719
254.8883450707357
404.8435550865184
-498.04923133863304
-111.46098160636893
493.91807484853905
-110.8364613945139
-174.23501795648977
117.40398481408471
-70.88349180927072
138.2097149355056
19.546702125018598
-379.8075324027178
223.72532107803187
252.36460513835507
-467.8853510931226
64.55321451011524
390.2515497378614
-294.21786233426417
-62.59013273948363
250.35664495896026
-94.40903826808868
55.388828832956946
-16.240853286068642
-207.29446968417636
325.47017663922526
27.523432159524006
-537.3339612563689
250.85210643709343
390.76310565113283
-433.98414178809526
-84.47957758754774
285.55229879139335
-3.8329646732265568
59.515005186928086
-138.06206572697292
-164.18310288122507
457.57810254059774
-12.427244402841971
-564.7924521541036
274.26406848469037
323.58190791158574
-396.6704457967608
-41.34908808072961
166.5236155326349
-77.9875544268518
139.22548927182373
-99.01425026325488
-152.4784330431834
390.3056941722136
-54.75587670137401
-377.14456039378433
365.0295312464983
103.62904600985357
-443.1499622735672
141.27758463272465
157.95281310531004
-219.05720398271137
48.35416464129295
-56.30390706124676
-12.293135390249303
318.78170139985536
-255.25065781586994
-263.9167696444321
558.2001459926586
22.396607837234427
-518.7551003416519
222.62612504152222
230.59573232338084
-177.90417243041892
-28.07925330370415
-160.73333024147132
63.08525644412691
355.49486009970474
-359.946947684807
-263.19312102068926
564.1831263221663
-13.664601912299293
-403.3438895986586
236.60852375824012
113.78627647967694
-131.16242801795244
86.04173531555318
-166.83365199361847
-7.968098658236229
273.82633323391343
-330.0395981330681
-118.63010792780442
454.2706968274364
-213.1214856372863
-275.6099511838094
420.03744460713307
9.9463203532867
-215.37822874572564
131.24613415197186
-39.98538380939621
74.25539616429738
106.26687160144766
-407.4033567882973
75.58808014949791
470.31838531389394
-414.95250005719805
-290.336012514142
484.13328249280784
16.781340277486006
-234.76957267531208
62.10794154436083
-33.359043558206764
215.5451640260403
96.37231344881249
-466.02578849372753
127.61035976132817
460.1561365563392
-433.41561597026055
-209.953204111463
385.74856036277026
-88.584346777729
-133.87366624209898
118.36182478946394
-107.24414383828363
161.52783528785375
108.01469233722005
-333.5914251901143
199.66887147561079
270.8574153674012
-457.6378788963211
29.102576723504562
388.5975046337835
-292.7538476757908
-146.57348333550885
210.0462449471726
-64.20123539684754
63.54544522645204
-56.01637124512319
-236.40604718294614
405.77148935470973
157.97175066476765
-573.2778172328608
158.66165080503043
459.2312458647413
-328.2509173747307
-171.18830565348554
143.3870061471538
-20.621979287138043
136.3784835033271
-149.86948659884362
-294.2696971928521
448.5044870724707
147.27058865238578
-514.8050512835116
202.28843159637705
351.92479946186455
-301.524351589448
-6.152403092979455
124.68204040593889
-125.01079691074091
134.9895529929186
-93.60885945358665
-224.332885583159
339.1430472568831
-44.000599891704155
-401.8481632988757
385.49258051207255
185.51587071898095
-421.3390040594908
126.31353064210883
247.2940262801071
-138.74398510602632
23.447548394738305
-133.0562932105354
-44.91447098897862
386.6631002951644
-271.1681064200044
-425.823115235015
511.9064626721187
150.23137799619758
-481.5920554695408
112.40844986910979
220.77087461156677
-36.37365330935808
63.26543009181827
-213.45485318262894
-12.570862627515012
429.0636478150064
-273.4344857359376
-367.29007264916794
448.6432977819656
23.852583290534177
-382.5098002903907
199.76417709372492
88.43958626672692
-115.64153621351375
143.1025451576756
-129.6806375853246
3.146727128472154
299.91854458806154
-309.17146442097606
-132.66146644612218
466.35360184008096
-224.94581059930425
-373.09917096679624
365.2284785749213
63.19522077505849
-224.04915268661617
63.098752258233816
-49.10079560681833
157.5365367286301
207.62329483559935
-437.739912995538
8.124136055147583
580.1706600377323
-303.4761430561837
-390.3080412826182
358.89277949045004
42.40948728156667
-175.46400965712274
-1.0694928019651486
-161.39775254515152
199.011241635732
215.94021451074175
-444.6044535513021
46.681440756868945
496.4104001069866
-302.1073118103075
-194.173461512429
346.97967483903784
-104.25521908343006
-119.08258204811753
112.94932993743781
-150.16858252541556
89.98810907373213
92.00977722035122
-355.5563640480213
205.84242675617966
331.5285933077861
-456.4301233430882
-2.7727353484512243
484.14319393125567
-201.06242167842817
-192.75615891080332
149.68694774464666
-21.11553316717501
136.58861579493103
-87.03201764504743
-394.8248135545647
364.86357913345165
293.7942383770822
-561.3337671386324
9.962496774291928
475.01556835019613
-166.28471850532108
-126.53101501777951
79.542637105925
-38.88859321985181
223.309117112197
-90.43512782393287
-389.6983513722293
334.73090043641844
179.2132100393679
-509.45776977814455
124.70290533703938
295.9736449853494
-287.99450565069213
19.980305914397164
165.03646536013596
-99.81893564680365
139.73828755945317
-61.17677114680541
-206.1628121205668
372.04847944398125
-56.550734583474416
-489.91716354023185
337.0963826899965
247.17087227360463
-441.3454070031599
1.986267644757513
226.51778581507068
-29.300946993886736
77.65837917036264
-178.85900935500445
-75.66653529159528
495.2102012105629
-124.37364503280148
-513.16678123539
398.3502055324785
224.4561949340574
-420.6912084859311
1.822600733949706
112.18052751445605
-28.615943494446068
149.94412820102903
-218.34255782723648
-92.2882011027141
467.77191054255456
-152.17066757623638
-354.5301907631431
421.64013970124256
53.60726164091393
-365.92710800385174
179.05574079055222
56.64133237882837
-159.43931971754114
96.73085564309874
-129.92443126614876
2.0937433902969125
316.5650061462251
-329.8224553604345
-167.88184805400624
557.2195550505495
-104.96616579148593
-411.71801477392916
298.35581484864264
146.01454042844966
-157.69884662116505
-13.45347371290729
-185.44149092026146
152.50129228729503
294.07337189652196
-468.1791648099365
-147.6042577585516
593.144021037393
-140.7166944055074
-366.8931228719264
281.05536600698457
79.51944544623562
-66.20552719662234
55.25741811024267
-229.29825877257377
127.2375344917151
267.4513480334733
-431.7787345884181
-63.49666620869488
439.0381500039972
-268.2069012404875
-198.14353721249896
369.16272949812833
-74.39209481920106
-114.1206452112027
132.36465002930692
-92.67878928296473
130.02685022236577
89.32930939943012
-413.669923648992
180.76669873848888
383.74537795013214
-486.8280434301689
-162.76419387316759
456.58917137807697
-84.2656676465153
-180.7997846643823
61.54393249595186
-25.674122465724693
268.6549901336431
4.723661810909112
-472.25453330229993
277.4471293997177
392.70393946915425
-502.4870811583973
-117.80795714667786
364.6486915722832
-125.81075014969355
-89.19199491936875
38.73425009299188
-124.34957413058217
253.45208052483326
29.781987632168278
-373.14806049277865
311.0930720182979
238.52448813717064
-449.04381940520386
107.59915304703863
299.4214243949122
-310.9423788342957
-39.94493759065714
136.99225092157351
-102.97449789617876
120.05260335801924
-98.66389515177404
-231.8442559613597
443.4163797591704
45.808042702407334
-529.5339746463951
281.35636011809316
364.1351578351923
-358.47901469357737
-96.83783239378445
122.50155192269878
-17.369925696695475
141.17295102326966
-249.57731779976913
-223.53987911542424
515.4083316652625
4.509214933023067
-522.8085918074199
302.8318334405534
293.617164672229
-288.7514392984491
29.561739831379246
45.61627904038375
-67.94083177865159
196.7687003301046
-198.3134211323378
-199.41322717119712
405.0200237385548
-127.62897060029069
-364.4244484962285
401.9434450979395
80.17662127206366
-357.5898092826409
195.0444056270671
134.70748522820517
-114.68461964268077
79.75824535637986
-169.013472283195
15.797188274164478
358.0141661801145
-362.63872264274715
-317.0813325268586
549.2223358678323
0.9966003315135605
-440.86807125784253
182.9949369186354
170.71626280348295
-26.51518412051612
49.978265587587344
-257.3276197096925
102.8275622458617
421.05163148297027
-418.04300312949346
-283.9713058223391
503.6945838756408
-66.78054242482177
-343.39274266522057
188.30878451994806
23.474075517432265
-26.03337779264217
124.5943145056832
-225.8206416483072
101.91521308032367
315.24557239675016
-362.54868519869603
-67.54604003631931
448.01841786779437
-278.2509227043824
-260.00697317813183
338.175411017537
-47.762813265405974
-157.20600649517993
72.98913480765535
-87.88397436779805
198.21371457747975
146.74583411850443
-464.6830370226435
149.4409372856308
518.09639215372
-409.7700084316031
-270.439364266755
383.4403064454491
-7.825547100146177
-146.89861990035925
-44.08839311276483
-155.08482023368887
283.867703639369
122.2022594515921
-509.8894961659548
177.60453301579037
467.1177523477941
-357.7717384222716
-123.37908523409918
329.5882676402783
-112.48943197230668
-33.20977471557984
34.43031148343192
-195.17306469747948
192.0795240640462
39.598819235370975
-392.75715269040137
272.78270836787186
246.20939946157543
-460.78097927346874
105.24876999503448
387.36765106415834
-250.92622566611524
-72.91447810876983
122.58413540855076
-61.25869924199953
167.7194546817634
-155.19025015169032
-341.1754146517372
442.31513785154146
144.981786180911
-586.2424743105215
141.86667084744116
409.8462129670381
-224.877768402409
-75.18330900956828
39.82988139574834
12.14339266088372
267.08682264539
-198.28305137620976
-348.74378851467264
455.222099619268
77.36328637355722
-527.793372109147
179.40238312208032
237.57715507537986
-251.03573948308082
50.52750795077776
53.15555931421241
-71.64453752690763
228.83421593408286
-129.9692351516009
-184.60219812114488
416.70986768042246
-119.97261563935214
-413.84089993390313
374.5642146583536
118.90368150218471
-410.6728435744245
86.18010054058293
137.30414694959458
-45.60427074016877
92.94127423759691
-232.46542098341197
16.37980726011666
504.62948948254115
-262.10071427743736
-420.72462067400346
484.52808217971744
120.8863627722927
-417.75257594119995
60.986155072504246
70.357543058213
24.288399724377
107.26102811802811
-320.84276041796954
6.219509422260644
498.98220558867223
-264.71634961641445
-301.4511179541473
455.4656697300468
-9.936647264193343
-291.65143609094173
183.6980476868844
-24.484868501674256
-74.9520555887923
112.5603321347525
-232.60783067039785
52.24247983776864
306.511511383096
-369.1434491977125
-76.84882470518299
523.5187148311275
-207.71354885681401
-297.9663943489094
335.88722775010166
48.66272949534586
-110.05195720913031
-1.923668183564767
-192.90414411268563
208.46388895922655
219.2602093739875
-529.7789785212843
-8.787995490645939
567.6224139029781
-258.38747435976506
-291.6447558533052
304.4668343783698
49.995282097026646
-4.251978648069467
-3.8604901080180074
-245.0450125926936
263.5639430216785
216.22577129544982
-509.8513459184475
40.59383771569853
419.6879609048481
-327.8633933975745
-128.31087297866137
300.0158664866054
-115.9913733902045
-8.576201241113495
96.48607239918458
-151.01794601505952
209.0924247965492
61.483068493635884
-410.6313148848528
258.56661942883363
277.4021853716962
-504.01575967467517
-17.445894582568634
392.6813788730231
-169.5004040569554
-109.5838043509329
42.72164519433515
-21.389214389663593
304.96113184722964
-87.86467031493193
-429.3138830161655
415.2193644182968
292.1106054148259
-561.1074408790911
-13.67308383975502
339.87536494936097
-145.93628176683728
-57.65711795373434
-51.10316984260921
-77.4403058487055
334.0161187469048
-99.83957370414993
-376.2636027472252
396.8043563582519
179.09339549270234
-452.8439611037453
153.4677442744335
222.6349025642384
-279.6291020655665
35.56195601864322
36.22024703373916
-110.2662024371658
190.9584798622661
-159.3909628979028
-196.5697940044376
472.1909631710303
-59.89836312756966
-449.5657935524299
374.03296893608496
250.53760846806549
-357.2982175157353
-2.5955663258323476
87.32694441002232
11.302750674964486
135.51138181531687
-331.9082945717044
-131.06449777241363
549.3251074522251
-158.10122153372072
-482.1521923044608
390.8769661100754
226.17149020087572
-276.0721482759715
43.27625593028821
3.214091934529558
27.770670607700612
194.1830026320336
-318.77335928233396
-124.79992712313486
458.5670734240094
-218.6136651106774
-335.6893285907091
402.29564443032245
1.1108383597706548
-280.3275369537791
219.6997676711943
31.980336902599035
-45.6168406277225
124.54207062826879
-217.2506915937738
64.33871676400862
341.98511099285827
-411.6141601758493
-191.21812287554627
521.1707541178351
-140.29259356624385
-373.16223794616354
238.748419248192
94.31220880204566
1.2712166519424042
17.603572598166163
-267.4121005794352
235.47042788946766
367.64549573593933
-508.1940524830729
-151.1227423020616
531.1053796294301
-159.4213567897918
-305.4831905536935
174.6183063132364
-9.467423302757723
48.145255702195385
51.9443859426741
-291.34831949402
210.69323639016602
302.54580608566573
-427.2637310024614
19.377113929583007
412.7654664299783
-303.87030117641245
-153.10337231273567
277.026543838347
-140.2545127733235
-60.14235114324438
52.77770451435527
-170.46448496626084
239.5264477395368
87.10463590517051
-453.5250846694378
262.9489451954812
420.8905114826727
-453.6284436245438
-123.39691110975619
373.20280937907984
-75.77880557668435
-97.63038241175782
-71.26443437218063
-132.2695097313933
347.22325140136445
-8.516601789413704
-530.8149327815521
310.87454126087675
406.90356960798454
-419.65547936324504
-48.50584115728457
284.74701099006467
-92.97873079039397
28.65841971759256
-54.605981554998095
-178.7356398157183
285.67041845149606
-40.08292514013273
-418.8449059511551
316.2636841796661
172.1627210999617
-440.51880303091923
167.6861357261353
276.87086646447307
-229.4255025975094
37.20167067511155
59.365563726771995
-66.59659757219883
217.62647953095632
-199.47523514758606
-281.19365919007674
480.3745799954843
-7.8184050116501895
-569.9716244124023
247.81092129360977
313.23868421807754
-257.97675069759845
-30.464623853416395
17.544927836511945
