13.121726818316208
556.9402459697366
148.56309791373727
-233.60234394294753
141.73594071453388
215.99310148650818
-293.52413975890244
-328.4024746985885
196.01790055669522
91.82039203361019
-340.4476752515063
12.097768891040174
599.5263232247098
205.94899820949226
-399.86566121685803
-167.59121411354124
146.69291842322957
-219.77794613908847
-306.36037601772176
263.9025826121008
336.4944119658643
-187.72080634474412
-111.91559258267536
425.2128641411372
156.96868127826184
-530.7408143266566
-335.1056778462667
217.61535620962275
61.30618012583465
-162.27487528769353
263.2795096959122
414.8574354351957
-190.09509113108757
-363.47768310465585
184.01806874085324
179.53410666656083
-432.66125652254755
-308.8730319583536
376.2977860243326
334.3404027528124
-109.49067438547702
71.27051898784042
282.0790719242547
-226.5596664960922
-516.063777348546
71.93156108690715
357.0771135078771
-157.0448581424128
-248.188375101735
370.4330383123313
397.2033528553121
-204.16416686613616
-230.19167554211336
119.52773845160567
-157.41986184984373
-450.81768636861295
106.370904500361
556.3573227157656
48.841033812181344
-312.7702485309517
145.62560458399363
309.9168233994838
-274.13955922775017
-400.0534055473602
105.78143182442247
97.6884289763185
-237.3285890465385
122.1468381149932
590.9758836951768
87.94275283972365
-498.22013081785525
-133.80628904374137
256.67564394584195
-146.68653551000162
-345.0798787585706
178.85791698737765
348.066712897972
-93.2058977770345
-35.4932550449187
398.33043636372787
44.40305964863346
-594.392101503041
-278.17029674913823
352.21670298027675
134.9398156153256
-214.58734093117764
164.9633352170494
392.68285028629134
-118.79862133048496
-290.6251296908628
161.5585457649569
80.02637350903095
-486.5261927083398
-258.40657664130714
481.9311081655178
373.108223588325
-195.5082078693123
-54.5247327171535
237.07982705817034
-165.4405834919786
-441.3233864829993
69.29352790025618
273.7157067808309
-216.1680484740603
-206.42847671917954
463.7934224882775
426.8282219721654
-295.0361213265711
-342.7381511596423
103.97848827858029
-59.95791251967152
-339.1778938129066
117.80262726328952
470.04148608417495
-7.295926081967008
-285.1666328876012
239.6245391850951
330.0152283909612
-337.35284016065367
-484.03757090809296
112.1225285451505
212.368980233282
-125.19439278895574
117.15012319670286
464.698394654066
17.93220397128606
-460.1512109363827
-42.25753877279688
291.3405294228367
-202.7472864304495
-432.28818499115005
181.9221896421378
433.41654321940956
-19.52681730350767
-75.63331997205928
259.44959447797953
-43.92063920881624
-568.8352608678754
-172.6497698420447
404.3336073945532
80.15151593641035
-309.8740637189829
148.73513194656485
463.71960535470987
-51.777149859082265
-332.0326201794858
46.3174237003741
23.405104865211243
-418.202457819455
-123.92803703546033
542.0196193488441
304.8906504475535
-290.5486882513785
-72.25855784995292
318.34631444455084
-82.26906557535787
-443.4860669590682
-14.739573213645782
235.32874013829178
-152.63302556840733
-85.94540280666618
499.2743631485601
345.435315355222
-407.529314023833
-368.51921036380344
188.03665821255692
52.35175215479808
-335.77167422911026
39.5666958399818
403.65916725479303
24.370546993173743
-193.6760325845441
263.8325628225166
242.9969783563597
-456.7706825750685
-505.73793094090155
213.62022874069137
315.99231692863896
-136.00805895259202
-2.465123298489154
379.70803729560566
31.824491516881803
-387.05764374317846
-11.033055401898181
230.41741444168264
-292.2806456248039
-421.7862785434772
291.7335451633113
539.7372931701652
-38.665411357490164
-187.5072519866241
181.48614255313254
2.2581907255062426
-444.95380843884914
-110.2827847139789
358.21511177493886
16.257971848727422
-302.7639928620252
238.32519952166913
544.8288540123839
-83.7089205923771
-440.81464854886804
-27.52260339173837
86.77189583539989
-299.90641033865165
-73.67288632167208
478.6513555170731
212.5445592969105
-333.18184445383685
-15.06059785435471
375.3401090800532
-118.39827112231713
-541.2776267987102
-79.62571060090082
285.11393121912283
-29.744118147129946
-43.3561074057843
413.7874812830312
225.2834532486293
-447.6234886569894
-297.4934363250752
272.86845458059594
52.33676591155423
-417.07693938190585
-29.632762325793955
477.9855182705346
127.44518462029205
-170.62157380528717
160.89551823857164
134.5190220665594
-465.49093251436665
-399.50242698418947
324.8948992733885
343.74076406833603
-216.26711695636337
-68.54216461484059
417.83576667457874
120.67435680401321
-365.3714715059766
-84.41900044179924
141.7324468398647
-280.60618641786874
-313.0318978089344
386.98498763071376
524.5262054685205
-144.6045165174017
-282.51235567915757
194.76529097583446
90.29860166340461
-417.7962722194806
-178.16649864376478
278.2569458198499
-3.792143199145281
-210.06980511224043
304.68132649818415
492.53069568788106
-199.79773203564798
-535.3304763038361
8.185121704595097
183.720165792257
-233.6352941175708
-126.56660451469736
398.50885293132393
198.26733792193707
-254.5519584234649
46.17708821953819
348.3620791692934
-210.151062818346
-600.6944978897544
-14.006566215907728
429.49424505525025
42.233037644562735
-100.94100385392065
316.70677667957017
189.92199922448904
-374.58627763023946
-229.10259526203313
272.7607068650925
-30.503228307612062
-450.05130453995423
36.610976803964135
577.7927106830034
170.49705050527095
-251.415303866611
41.34536542060463
106.70117211884858
-381.9895902144376
-306.03932552128066
314.4906690258104
250.10692985094238
-281.527475787441
-34.54662418077961
503.6500931902262
134.71189037064462
-452.32706938361275
-206.77332682944163
131.83255666532824
-174.70813534520985
-217.63617288699888
387.6557771989639
436.24373706926326
-238.5439517545787
-271.55772105783063
274.9059036365304
116.36795099407034
-463.1894955248529
-257.43045998351215
287.6947426014277
126.21814115003939
-123.36153519637456
290.37471515749894
389.8974955722357
-280.4959804615776
-503.11339997638964
133.18243412873946
258.68598528122584
-267.4411057010319
-193.4159475991196
390.9946574605717
285.7390404388843
-180.6971391845591
0.758269476859454
233.97978850662525
-285.1467098968177
-547.516972407655
113.02043952283255
482.300576297239
-18.56439528688605
-214.82563570663174
279.4223974837472
255.59179124821563
-304.1793244562345
-261.45560129695525
162.05315915749264
-79.59347519367331
-404.321669390325
139.20427205469633
609.1042151667103
74.23982958828736
-392.4958258911145
-2.637376470202498
185.75797520894736
-294.50187201131246
-306.389169097396
241.7496983627329
205.5598522616339
-224.96385181468577
65.81073682862771
535.0952803650456
53.159416289792375
-552.8939427489136
-210.87987336213388
237.61478159576663
-55.036188882140706
-202.19732671345295
300.9124663893897
365.8423781506142
-195.34175786055746
-182.7387111800439
304.72531435836186
45.88730439416365
-555.6580256644681
-264.9730025499628
400.46065392495194
224.0156950721
-133.70163944422524
168.23708208801088
280.07983068146746
-266.9720256203218
-414.7299090144969
153.626618947496
192.1863879793914
-352.71036040737
-203.79039397688933
486.8297118528753
365.3481964685748
-210.4457785308414
-129.40316408024773
135.4442617963022
-237.78303976943735
-433.555076417311
168.4640730317644
430.73850207139134
-112.86503847404957
-227.77722375819607
346.3063384578745
325.9196135903064
-334.6316497560845
-360.3197576078693
108.6157490326208
-20.19352614799341
-257.48477819189566
211.36742633737973
563.3325414193919
-19.7289641166864
-405.8076677683927
63.492336556866725
269.6321902399817
-295.17910242270136
-377.5521851536518
190.64125262945248
268.9703849157302
-113.03704809819268
102.47421997274046
439.1901200522955
-63.647563457346855
-602.6084424037724
-141.38863599902115
334.2498531303528
-53.84970216404905
-290.7507306308389
243.12145742643142
403.21616779355924
-115.99937135057782
-181.7679037354367
205.20775925249933
-64.23553290476636
-564.8904541316276
-153.8185416546314
492.3000275358303
221.94470934492506
-230.83833232786714
80.063310863596
315.08705225224645
-168.78985432496376
-377.07004536142375
93.86400782011724
123.46031879567822
-340.2215035157832
-93.44428781354243
582.7220429511767
354.3400728731045
-326.4044467380163
-207.46914969820932
189.759477784772
-125.65004338507063
-370.78659415508764
130.66473740528986
366.9555703459528
-103.72344988997726
-147.68576663816296
406.5245598796044
284.8065655747243
-443.56103296281924
-434.12169675255586
161.29363340715076
102.24887858310137
-205.28150744032155
144.362620237142
457.0047457425537
-54.81532016698571
-348.718254167298
133.74590513253355
231.74251650538363
-388.35864708947554
-451.3655330048683
249.3461557208302
387.201612717736
-76.18443114647732
8.452452301390089
317.51514984573777
-101.44044328464248
-508.20210778044435
-42.536378859492395
337.9172837853717
-129.75225675894214
-331.06288751070537
297.03803898867216
504.5774217618255
-82.94494174073263
-247.13201162184075
107.95102460254995
-65.72695965712578
-451.28768053876985
-43.15947878437651
512.5450607970706
132.53351622837738
-312.9029278979918
112.43211337045821
400.493046858855
-147.83007753756493
-458.2191112919999
-2.4995430498410394
127.26420005080153
-228.18794350795957
4.504692029071178
559.6805464298722
238.18750204008413
-422.82352585588734
-199.7181040400281
267.9739354025088
-81.8087172194924
-436.06780541109987
38.74713142708121
349.9009876184703
-29.92166721903348
-76.79023284486325
363.059429878123
162.89541351719836
-532.0724877519827
-399.8082916186523
277.6897874197711
171.79850216634844
-255.85360539207326
57.57390516247028
437.39615017246916
25.091523446681325
-280.1390151802765
103.33180709883126
145.24143692257692
-431.637672507125
-374.8339903153364
386.63582631965437
444.00116241425854
-129.78061258397597
-101.6496173090198
284.07046113021335
-18.738624430620337
-430.46491788723944
-49.68770098365354
263.72816737815776
-177.9574879888972
-277.81979787963485
397.38814487127183
532.6903962679373
-170.39087455773085
-374.49140299606364
68.5510857795332
20.217978210363988
-360.15441081062676
-38.20789230509695
419.9664660481297
73.78838564794762
-276.1645281748259
184.68268056718262
417.8748381067943
-233.4179825194883
-561.4327646923646
-15.1050526134064
234.14728860460775
-127.61908910950764
-5.010015787227703
446.391025053431
158.6014556476199
-410.5073068208858
-112.72349890430465
311.6640801293181
-127.97687175538726
-499.40765886964596
44.85844334502758
469.64072511618144
67.17666915888202
-93.65811978936662
253.0506028993
88.44500568534522
-487.1781765836554
-282.5233143956808
346.2121871593028
129.01440543719528
-333.76310458277845
50.933396046481334
512.2220294881973
101.28304107387095
-320.11063291674293
-24.662011557795267
86.48975498961008
-387.85683525928266
-261.3837614051695
430.66165118170363
384.55531532714247
-247.6198346149248
-137.12269950524305
346.4455483493271
52.193678337307404
-457.49750239243957
-151.26668566229242
205.73994784890172
-112.35460717292752
-163.95175922427958
435.8221288325926
453.6438806032895
-292.72766607641796
-417.9164348359744
153.70333984160808
123.97593833183814
-356.2940368508014
-108.92261712635349
377.9729805799802
135.50315336143376
-186.78720823498713
213.97165917701318
338.9800835406893
-336.62064237661633
-559.1148608176051
99.68092878128742
354.77173508729936
-112.40215664441172
-86.67766344523989
378.1897990166798
187.62351392143228
-324.155657486708
-81.00616730338197
231.04881802252396
-230.2478781791064
-516.0032415659981
145.65763243404686
564.0705875799639
51.03111380700089
-230.39401496772427
167.1494229849583
107.38452403995304
-399.2109000013405
-238.3381648234995
277.24460252812855
41.74698971815852
-343.3914986663563
137.79032629400064
582.4463134524024
65.4756385646816
-445.48499460381896
-93.86835862838821
107.81169305599829
-259.1651270868579
-192.34569481430455
398.87159334220087
303.43824479768534
-252.59321349449797
-64.17822352517369
423.19682098161377
17.03472501375185
-556.375192380136
-200.38804805554815
275.3660122896903
20.427697054290213
-104.61137004840164
364.590605951686
335.92001799596153
-320.245636259631
-349.628043744044
229.4293706750119
114.5539148980951
-435.6421423657422
-177.843216048794
436.5409358442816
229.42879348899606
-148.38118992595955
107.26793922916615
206.16652233750335
-374.8845724291265
-488.48284840337203
198.922480776066
351.901832651067
-195.6772785600866
-155.70940437801727
407.72084824039615
262.5401614328656
-293.32517885203055
-168.6724339678017
134.88986791587024
-231.9506667060575
-397.7162049358549
244.36819887334812
562.6145546765304
-47.67403908368368
-297.5157160999395
186.23850249653358
201.7030587060592
-348.77499069436016
-298.9435322688715
210.27220156219485
59.428614157727466
-228.70658092583844
226.31909652209538
570.1610803048727
-56.68772229397845
-525.5924588187181
-60.88092724707699
226.74073448437127
-203.61795969721803
-240.42712634560638
307.9681846787419
283.75137325803837
-190.34464234634137
6.795613664459717
384.05768803650886
-102.15960073194005
-625.7434966538596
-155.9453073683987
395.02780163279283
77.57753277292669
-176.95741804909866
246.3093552787089
298.80853761403125
-260.3166751584697
-281.44309510003785
207.81883388191147
25.889712923317038
-481.88508538423287
-114.77447801697113
549.2885799711873
279.5984656919077
-222.40569711648095
0.4036446067432547
193.97174277428803
-284.6625401907769
-385.79425764478924
195.7887005923903
287.0341623230785
-246.3829120006738
-115.52928239203779
506.4479087092553
284.95338342982
-380.2876800084882
-276.95787525426067
127.85085123175939
-110.9139279046423
-289.43144769382707
263.23064620596136
472.9724159497853
-120.21396301416006
-292.73035291872577
267.6304760399554
222.79292959316638
-432.9123762797808
-399.1974821384363
205.33005393600834
169.63075012281595
-139.4949760804869
194.61373059585202
447.30343323796507
-142.7291517477315
-506.3612448830053
42.93202588602182
270.726075530388
-257.2240171656423
-329.3848135384783
306.361615968731
377.45522391412453
-118.72289612695297
-45.11036272604423
259.91439636117275
-159.9976072283876
-581.4753400204471
-36.13693066991679
464.76630055342446
34.754825435856645
-254.25901404847113
231.8758107647482
381.8308572350894
-188.19158737708432
-295.3388738127612
113.27596335424826
-20.44094517813495
-421.0305056778342
18.47540304116464
602.4394251918623
208.94689247833594
-349.8003133664719
-41.331421382352154
251.62200678878187
-196.45748818485205
-405.69656268561357
106.79977080639571
234.88334232979213
-192.3944337672504
-24.805968815335707
530.9436967856642
201.24823071327137
-518.4042272977081
-314.3095309958089
210.61902934863036
-14.776184830233856
-281.8971644778562
170.84792059235195
411.7031603228651
-85.24797309900161
-202.99503460247132
280.7959532906375
152.14483926903256
-535.6153543853096
-386.0925847784294
313.3400650437535
284.320778033642
-133.59561854807748
103.56404661801302
356.8292419096301
-118.14246667801783
-413.5028032996954
69.24861843078614
229.42792871328976
-336.3949761611858
-311.8262719418524
409.53084795179393
472.5991828125068
-125.75923898087085
-167.77228467315405
176.3805250560255
-134.07243327568332
-464.07876497100824
18.41118513897636
416.7489530802587
-46.90610755920332
-285.1002985192612
296.40983553061426
438.6539778610375
-229.1120406324737
-429.69529774905783
45.75089546664556
25.419029171681686
-292.7953400946103
65.28861847897332
533.9131132300175
105.84406449826929
-385.00002172566303
33.003933328403406
326.54542298740546
-211.924757981972
-487.1214460218812
65.71592127438895
297.0779427277312
-69.82543462826416
35.62288513120971
452.0885975290223
86.96819299049423
-535.5954452220852
-224.85853855867134
317.7209767507882
-1.0246531961696013
-356.8209133596373
119.64149880848078
459.520105353598
17.40371492629812
-173.72602066442414
198.6295504508657
40.84701097795635
-531.999831282434
-292.55196623863804
424.1046137486771
288.1869983699884
-231.80103733292466
19.153051633406236
385.9069647890293
-35.34363031781767
-402.3383470900351
-5.624691041799372
140.98999948028637
-331.57848679091893
-221.91824037793188
494.06811645221563
453.2638706781931
-249.5894904761807
-260.4884500897305
192.32870244130433
-26.713262664121437
-412.58046255623634
-17.709347314667514
342.22086419477415
-43.71451596640352
-182.36349010368463
374.17034907053403
407.3989987967286
-335.92685814120483
-493.4275209365662
85.52395936330748
154.08027195847023
-227.1362194496339
25.453658618462867
451.2580609196583
93.2774522908166
-307.0743596343054
96.14236218081662
293.71234068784156
-303.54179847855295
-532.6656408540389
129.89023686313297
423.33759614784486
-18.154568347600385
-52.06178608605889
329.5867872460093
52.94774827100425
-465.05940939004483
-146.87939988084943
301.1877484763721
-90.02026059282062
-417.7288610679094
164.84699252553034
550.8794499087371
45.42212592806038
-270.4418080314245
66.30584125955083
16.971888220043567
-446.64791220636715
-204.99636484474905
430.4541865534592
197.51365519452213
-294.64414666396203
40.53402395416632
463.94749016362306
-4.848183634882135
-475.65870370696064
-102.52606974833063
140.64988375063064
-204.28124120542984
-99.00778257892273
495.78301360297655
348.7977633480711
-318.61219926036995
-233.37308357541045
296.46892274868696
14.777619611122473
-461.5985821592171
-102.5219235698782
339.8470616561584
57.70080352030645
-98.76745393927091
344.58957425329777
287.3653435379408
-425.0598776883934
-469.8132029817598
188.87711737380317
216.67200109507073
-282.85902610187094
-65.40014305791782
432.4387556915761
154.51881706082847
-250.96880511277053
43.54755548408768
180.13945209978732
-378.8047079944949
-489.8737270989873
256.8227748326981
483.69067049198077
-87.34609649327977
-157.9866933082196
294.38707258642614
112.42869907683611
-383.72152054878944
-159.63815908058703
225.15155329944582
-129.61530154573538
-337.09567377682856
286.6914690599648
607.3926822568089
-26.669310146534976
-383.8319000496171
39.48693547841891
105.39832144630714
-337.30287301193886
-174.55805542830112
348.31065375982877
156.25995396237022
-249.89607094792152
136.81655275710324
497.3687506079079
-99.4371311204419
-583.5277260186149
-112.42821226802121
240.54446902384856
-101.59991076429623
-104.71236674668621
391.0365792860281
270.45587095362055
-314.7292022733789
-166.00024735446002
300.71971207987514
-56.909330998748864
-562.1842319964024
-114.30904637753825
447.3308628619136
144.96788276010753
-126.44304380412521
220.0327554098995
195.34147906308525
-408.4949866243096
-359.7726859613259
252.2497889397056
157.64089551570044
-353.38823985379463
-66.95394840290125
522.5403696454194
246.26908091015312
-281.56584209514136
-65.17955368738158
118.20961764749707
-321.5607658889067
-359.33408581669045
320.3502395204917
440.3443248676137
-174.56132884943625
-182.8387143200513
365.34411995917344
189.9313686955983
-412.5556022526671
-262.3640649596275
170.5696905641885
-65.61526340657433
-237.5818789774229
328.8274273713977
522.4966260916757
-161.10548341395491
-432.0881854361665
94.94347793784068
186.20800799243048
-353.60404508765754
-278.4861815298135
292.56912498554027
201.96181649869658
-152.83984661608505
157.5575049278278
406.9387474514515
-209.46923441099614
-611.2831685371364
-31.291779381024583
353.15083970410524
-83.90191470707323
-192.72053962504364
331.7668047042821
300.4741715511982
-230.24222420244055
-135.25066310418907
235.32580384494796
-144.3165356139023
-551.2768320285722
2.544927836494496
