12.121726818316208
553.0649532156865
263.8088501771052
-244.91730473935453
-69.95695800139409
303.6743816210908
93.60536714743857
-394.3580656548844
-263.75678929482547
163.1923674388673
82.9934038140515
-270.7192559262145
-12.262737387168514
525.0293155154794
371.6151548339092
-324.112333982672
-422.9044330772233
114.95092845920318
247.21215497147773
-259.5001554574452
-428.3061380795862
114.81905765906613
434.625743233447
94.84896266972804
-137.637585048128
148.04527619671293
245.65078431426278
-257.50892579984264
-527.3419055355656
-37.98303800917864
378.5213137925029
34.078129056922315
-360.0913538194907
17.312735275470814
546.8290061608003
286.6300220120504
-336.9469714863908
-319.3173079791338
100.0250954685673
36.90639044674012
-313.43362467048274
-130.45227992954545
377.42943958921
322.0609714270044
-182.6142410702225
-158.10126441819122
338.0348722346693
287.5399641886086
-391.24315313604114
-569.0151822759196
34.761774317752014
400.1787545868215
38.797131319972095
-206.9956762337725
158.63922430433243
397.32170517168726
-9.478665961199635
-345.0905227657863
-57.19396337793908
190.57434103198344
-188.6959287465466
-455.3074349335912
39.04170082596481
586.177873237172
294.73641083169764
-303.57006858117535
-191.7032009133494
283.445625444052
151.37367794402186
-400.3935794954649
-371.77422755717197
137.0768512620662
216.9119238104033
-112.19398344689887
-26.66716551428466
408.94281239661404
312.41221121278045
-322.9656332274128
-461.914925706313
92.81018592219695
294.28797450825687
-201.28484455565854
-424.7360490998305
119.30032309430217
538.2986120545739
188.712812114931
-222.17409835975883
-22.54679259579449
188.8521923262627
-158.04012340539197
-452.79910217819923
-59.945820021765144
385.93570327522195
115.55693932849212
-294.7195781342613
6.726570745579467
528.5136819538242
278.0351491438835
-414.02296129046914
-444.1609706625233
77.42965421689397
180.8865613961873
-198.88645220903567
-164.61199873565727
306.65364469586694
357.50805342256785
-111.69894428058274
-216.2144167577585
202.19113958797112
210.68287997846477
-389.93159935960534
-560.7248503286029
70.07082301428125
498.20422961522735
122.31275038603013
-270.9915070461439
48.39976359243178
382.059778019491
53.41160374685566
-391.71207947060395
-196.50235425722317
147.1108121604859
-49.923637485010346
-320.32916436253214
48.385887871652535
575.1060704141704
303.4973624249797
-333.83780383955894
-284.34516272715314
252.59490520508595
193.53185438841118
-378.0478696486816
-426.41054277071476
156.44564407406426
378.0437436305027
14.846943352246894
-78.92376001203338
267.50537481137303
266.6224096489016
-291.82899398017656
-468.8856661531488
48.644960817252425
322.6472106486259
-126.8543918795261
-395.93234153321544
124.13383175253509
593.9867812648962
226.2294153686377
-326.8889839345251
-198.54604734784644
145.328870008306
-66.00041624032514
-384.09964544975054
-98.5175102035332
362.4126202236625
196.60905305454588
-227.77421581148596
-34.13379708734789
448.0471243648003
223.34202599052287
-469.03822096776287
-524.1613594491604
99.98014725131655
310.92761247140396
-100.32217548056367
-217.68933602253838
246.60921202525557
407.40611560622017
-28.447944867479535
-283.5989593257114
52.9649101949626
167.84353955505748
-292.50282729157414
-484.22892597836244
109.573500420704
565.8575193982628
181.74609032424036
-307.89185306221725
-36.33523845929938
385.23132816414534
95.50659148418418
-430.12111565131295
-309.3025044941747
155.9014858277075
106.56470674463792
-194.22411145107245
39.73061957353354
488.13078137619794
273.7401580723213
-346.26069838872536
-335.8028325559984
199.9976932077488
226.87510838845856
-346.35198650021385
-443.89152221592644
166.50285420665332
502.84005556982197
102.22113065025957
-181.28901666334795
101.20606376852447
212.80146467331434
-222.99084265616108
-459.499327571079
-0.42633995197506636
313.3987598537021
-52.47792050676435
-346.5755402838652
117.27425067588942
590.7267176635488
226.1041010939162
-428.135129622093
-341.2896985323937
153.70943914870793
80.75653173785062
-312.39340973570813
-152.1788594415239
339.1991042309632
294.01663011578466
-129.24478274721037
-85.31809369721199
337.8549424259876
181.62548103714602
-453.84586667971075
-518.3159176520096
134.79846068229898
441.84331188360267
-25.04318708977717
-264.90935150655145
170.0877253978218
444.71484845420935
20.07022380686383
-355.5142090316791
-99.53457656759957
142.19967683424403
-183.58863929964943
-385.4695878117488
110.42070430652446
558.4450530059206
182.57442221813614
-339.4968874106329
-129.91169849628906
350.2072291976882
121.87735322882288
-477.357861137279
-406.3896604808811
173.3757882854484
275.9860976840479
-78.74568758795225
-24.394400669696616
352.22365038656596
244.28100228748275
-321.89487624128
-395.186879773223
145.08711693811406
233.7911436530833
-297.0913270593447
-408.4044310385636
215.02926215644902
597.0530656819003
144.2756073977481
-294.94659945604525
-67.31412323423888
209.6883055999132
-120.94228482109429
-418.6543026585339
-61.73471874967797
328.4871491973857
77.35529970433382
-245.18783680836293
98.3912907531337
546.9236373582737
188.8503870543989
-489.21967360476685
-410.7903564865813
167.28399884428094
208.82140764040167
-243.50965662217783
-207.47207680703792
300.0168182108508
390.2755741230665
-70.9002804415977
-183.7675320506989
165.55142915607252
129.35401336079707
-411.32641601054576
-479.6229795943814
162.53100478298177
491.98673902697004
19.95738565910245
-310.5690896622365
99.0883400489945
455.3937629769688
48.73629062013386
-451.05619801225515
-246.37472993152184
137.1737477860553
-18.001220108225926
-258.6356791637785
85.20393125043118
514.6952891038037
214.5623802442088
-350.8741164393546
-196.1762410261912
300.06898274281656
136.37594850026784
-458.87727621705307
-428.204707057212
224.69868084032993
439.9555056918339
12.817352457426283
-121.83628894848613
223.94142623661102
248.80977434913106
-258.6496345660558
-385.5710998469589
66.18632072690299
248.88132132695875
-194.31774417101522
-355.1782569504821
228.09246228709677
624.514703802391
139.75273028595197
-408.14466678092975
-199.92605173249402
212.35413482596041
-5.991515876386706
-395.01670685109895
-136.6714672333535
320.6392482868279
202.40010834753087
-163.4549434869424
35.96053910343901
415.16706388037227
122.29267737461923
-513.2895694545941
-454.1480265799697
184.94797392373272
304.7965765486894
-191.98788793576873
-274.5345670849825
266.13372163321696
463.3861044199763
-20.071191973009597
-293.89002360117496
-1.0755934542878616
108.78781898577026
-294.37758186985576
-398.27851086440603
174.2694489989575
513.6338567557128
81.20248326694998
-318.5436554010084
41.610498474056804
451.8158792070037
58.53191771810762
-514.6125894136987
-336.8103364477974
189.16586200140006
164.3854517342227
-156.7854198986838
24.098080234063328
431.67315980677256
209.90284317072962
-315.6283573815408
-256.23858291580336
229.3451947830108
141.58690421468353
-444.03370841232993
-410.1295556438879
280.7410731461774
546.3939026106168
48.707123644798
-249.9336416294964
72.65549876273487
249.40654997625742
-180.6881556011868
-416.8008943503852
-36.12211679055979
245.82525724422453
-67.65260902205007
-266.12008096143484
211.86482085510917
576.5153581309826
105.39278783333306
-492.7976380407809
-290.1780604359269
229.34129419313774
97.46941442077859
-360.27517497672585
-203.7052576918246
325.9594790172839
338.1362561706167
-90.87737609345564
-66.68074821039585
268.708864445507
94.97932705472162
-483.56652280291996
-423.27517180076256
221.47825805519358
406.5333691344783
-121.60106322942423
-285.3246555003255
244.2948246461348
513.0507176867872
3.2463853593468444
-413.4427716421658
-157.2578137348215
127.39315783562851
-133.23895781427424
-302.9984060025333
138.10780867843744
508.793020540478
124.60670170552754
-323.57033124887914
-44.053384914327054
380.5008300210792
43.571354733985096
-549.5542856673386
-388.6290256073764
241.26513186932513
326.17349353125513
-79.6504263137404
-82.64331241342573
309.28647497753633
244.90010381469835
-277.8130089684266
-326.9868336650144
125.13033768850016
144.99087573610754
-345.58174651585347
-347.75366479687534
320.97602209644623
606.157034301957
54.567310912189846
-361.54285599500895
-42.021969387473305
265.9055942544015
-86.79754286390633
-432.12342681923684
-99.2404337077046
294.63370915708276
81.20710341436777
-180.7379947306825
163.55454502710447
494.71991655614045
76.47739160704838
-529.5368650549567
-326.97909963637323
254.51384923427526
202.72564070407805
-315.0066267134381
-234.5996568406634
349.9022126001784
435.9978102856437
-42.49228682940816
-212.19226856221732
102.76200035794513
83.15199743090498
-385.97844315694795
-392.341437307113
208.33351481879123
424.47657569059254
-56.02739386560787
-296.4785072396657
192.44294017196043
499.61559033018744
-9.847148928304742
-519.4917512043355
-257.5852749550155
180.83265230089845
38.44533222456383
-235.4524400592871
67.38487783474096
456.93628833107533
160.17815926887147
-304.0744888518014
-123.25253247766584
296.04178148195876
42.39588739432166
-539.6319249997779
-374.72713011584716
323.4373057940259
459.5538601690073
-40.882998249063704
-182.47852597912436
215.4086341145654
278.0920462711852
-206.86656208248075
-378.253220957481
21.66249371234637
179.9644793075031
-198.4450811999578
-267.1135850529565
319.39253274363494
587.676765675908
32.29975580731684
-451.87944041960014
-143.02390738554743
279.62472369256284
-11.760438236233314
-452.6942092362458
-175.73753181136115
330.1191011851989
240.91516583895148
-114.84698582079324
40.2793840358994
351.6325494967982
41.799719520031054
-516.1185146133345
-351.22203570598344
264.1267405656346
260.3050657907302
-266.4514233424902
-269.2988057226945
349.9629599299499
502.28045897927456
-51.832826693269595
-357.3687207984791
-43.285625011325
115.17335340554624
-238.05205613267208
-338.62961342535453
175.96573630697625
453.32904033457413
18.05472223332307
-278.9582931385168
142.04623131813798
456.14127957827253
-27.748243301877366
-582.2530717615829
-302.11853710255485
268.41696818306156
208.09747195337957
-170.62119541139378
-19.70511214428404
389.3680198376758
226.40498197085512
-266.7038110027787
-214.7917815826517
197.4828300418308
47.203190971604535
-462.90006619018163
-333.6967970156991
384.4497958498428
525.9898027548437
-48.79662006881256
-305.7168804345405
117.25360230055414
304.79243209381025
-172.46547695634882
-453.80484925738665
-82.03410634608775
233.1450305505412
-49.24340521266113
-191.78055865223564
259.1813108398949
519.206394287462
11.531914183444886
-512.1835355709227
-198.22578158252523
297.0442128611311
54.48374228026921
-427.8217711775249
-211.68903813570563
377.7947532305943
400.3085141713816
-77.53592359729333
-106.44817089477846
201.7068331843702
50.520003857828584
-438.72080571916433
-339.11852966651435
247.15639162001617
327.53424463138487
-188.10209296430298
-246.6826454988333
341.45651746296755
532.4191290899158
-67.46546889105015
-482.92017087855066
-145.1561884608957
179.179796695338
-88.30977344273586
-286.47174087398764
119.47242568780048
440.6303452013548
104.33117110318926
-264.8544144305896
43.98360549758539
355.0764938987522
-58.80830563934238
-605.3605205725004
-315.7818806550164
358.3918832893717
338.71390521111806
-143.37423057793856
-126.53745137647184
322.4576910775234
268.2261553986727
-235.53328373217693
-326.38451429336254
75.26864745137959
75.14633313083458
-337.397189217602
-266.06187531211077
381.19063874728363
551.2192074736248
-52.62327143709577
-399.99915739817976
36.4921308636379
323.1866954417473
-111.41545366503007
-494.1063247564707
-141.24247498286414
301.48012396646493
134.64021090008933
-120.73783092061085
146.82499385081843
424.258893912999
-1.4883680502405205
-497.493732036511
-243.8066774826853
299.5033362561338
122.86265675739861
-383.6866345877478
-213.12591762572305
439.01272040753935
480.25716524810264
-81.43265478549822
-276.3344588970166
67.77115114073703
95.2261944948254
-327.4633535315916
-333.3167738211803
199.93329298392706
356.78153071262864
-103.74346897395638
-230.84865521720195
280.21962385728796
488.50191312337756
-108.84112166585504
-585.6487059849422
-224.49607785258556
266.873724962242
58.10029428988392
-258.9394297804292
14.790789122551637
414.2425251626686
173.70353835692322
-247.7821058731829
-73.64051842930118
253.4811577377249
-47.50860844587817
-543.5972008872726
-282.82321488517744
410.53402210669657
435.4044755772491
-137.7441604325887
-224.3198676143869
251.6140659568911
321.090240678244
-228.42900537234559
-423.30125171041175
-25.135808506883482
164.0953244804089
-161.3967802687762
-183.87197385415186
352.324768859414
514.6267250640867
-52.72004748598294
-449.89434629530723
-35.27748250220827
331.4068265649859
-66.41239713476783
-519.4471278709241
-166.77617009371852
401.5451643455246
294.8940861424101
-107.66342412476868
2.046182803324894
295.587124780611
9.89529106907477
-466.9727715573443
-260.5976263342554
267.7898175209989
166.0020527216862
-319.34646822901254
-199.5364903274605
446.97338050750875
513.2623071501266
-135.43352254712988
-428.8640784871142
-40.27624377614868
159.32286787443832
-204.34399799181492
-328.1224337509061
142.9482019004632
393.8116951846337
2.0651412496343724
-213.26689431090062
191.2402242578368
416.20447792694006
-142.38945060487242
-615.2173303023502
-231.05548610364866
356.40042346790426
192.90086334709136
-232.76202543336237
-56.91774968719305
400.7446681898043
260.1637050325997
-245.4243439246742
-214.58383209404704
135.87121804878524
-6.811968990448733
-422.2340396459706
-223.13911520182748
438.1324201965932
473.54611952583963
-134.67438724983603
-311.80292701376675
198.7443148131501
341.8688882768603
-204.40160017202655
-519.4991607097236
-91.04288843298217
259.5765332929588
15.735510034493629
-144.72034897254514
245.03323580884052
445.66246941087974
-49.986963009848566
-446.78865915078546
-110.95903270764293
301.0770806507736
-38.515836574076346
-496.5685487480326
-173.1267199697976
460.4968983247456
399.5578785824091
-129.5871567791068
-164.31944632966645
170.49432243071143
61.68643984471766
-385.1116321440903
-304.94268883342096
217.4033568833989
238.54375859680238
-208.27545158392888
-171.02315061504692
428.0805454778158
499.00116586347826
-167.98945072025322
-537.7081655392108
-91.46701874656657
251.07162747884007
-72.79886672885763
-322.6454415555885
75.23827681011626
425.58253883943223
133.60037327005887
-205.27602338851085
59.637996890923105
308.4982546950558
-140.7214875507626
-601.8123319045959
-208.2092945329421
420.1294313954661
280.30015960340563
-235.76491161620535
-138.5169787140931
380.8359905940281
320.53896928189846
-251.33400310274828
-360.10875624210286
25.60502527799139
64.68636382284744
-285.4150543248921
-175.2781046567184
384.3239374930901
465.97505346059296
-134.87369652760938
-360.52907022369357
123.59884445487043
344.11162651823753
-205.38877161834972
-569.5901016967952
-118.8423770362737
374.6530503954324
186.74209879604126
-143.09399904763555
106.34320646525113
361.4314028313217
-14.804464079416253
-435.4609027991807
-174.119956614575
275.82186013459136
25.78253145463808
-418.50581028749826
-134.7238885080929
530.9050900129059
473.5300248283024
-178.58606195361264
-322.99477697111195
92.60083251567929
141.60258103069526
-294.1798550512084
-321.8701820667943
161.6247948064858
316.9917025790871
-84.60110876984201
-152.62494163656075
334.93053783928747
422.25695798490125
-206.89645947152843
-598.6623808507514
-120.50388387604437
331.7786983836753
35.84792912923441
-327.06005860249667
4.618000412910364
453.2067406624847
218.55740909955878
-226.20826513694442
-109.21750544244138
177.32726416261713
-104.4747948359126
-504.20154984024526
-180.7021573968138
439.0218527793616
348.38855499002005
-217.74892781317592
-200.52918121683717
341.0765055539534
345.1794646381387
-266.5965054261271
-486.8524531982616
-32.66581588158161
197.4242289019462
-98.26903490520507
-135.9341326690535
321.8990345122993
441.93624771911925
-101.56571692649791
-375.89243927874315
59.20357215689853
310.238807301146
-172.47675885726187
-560.7302126912766
-97.44033973233455
491.7588644014409
308.12646935280395
-159.0370829360618
-47.51321907197015
279.93368975996043
52.9027429644543
-401.076652801925
-240.80454390930865
217.88423134490264
97.97766334674473
-321.3844842743885
-102.88894098322893
515.7885437266223
452.92429170021256
-238.6969664183854
-457.37833608445396
27.00669616680939
217.7981480158067
-202.848121049778
-367.49261618076355
107.31800666939633
373.79137473812807
55.793171182500195
-145.3560039407344
197.51009558369222
327.56104564705504
-222.8139819491848
-598.9065424129786
-123.1253052939913
403.09637490337394
133.89804234192914
-310.22170989995294
-44.8285560140865
473.15570901655997
293.8753213309136
-258.04252393629923
-268.51900749195045
97.53452424550551
-8.956830860408818
-371.10232914260524
-143.71504918853154
427.1364731392269
367.2908914506641
-184.96058443510654
-249.56088325633615
286.99700069196894
335.63779659536897
-298.67202602822124
-563.491649787548
-63.26069453618763
328.7038527566583
56.958190397835914
-149.40326608883825
197.53363047750494
389.964062615094
-56.54671440200197
-385.9776454212598
-57.85035265443493
266.57576873950023
-130.20306067951066
-504.436909698905
-68.43860456634235
549.0760314362074
376.95627693089654
-214.3611079529294
-207.21591076341386
203.8157220689913
110.97130237852289
-363.76119043612584
-322.19811375753204
169.2887575629467
195.95793103091347
-168.90639668695712
-76.5670572946093
444.3993196853342
412.4296902267281
-275.8811371928534
-530.2313065609246
1.4247057016339055
300.4980132055777
-103.86210553489093
-376.2357273267596
64.13964287453157
466.6119319913816
170.5535910918583
-188.13854629509916
36.78727221206064
230.88218618162097
-176.70761446369946
-533.4742379017772
-106.57403526493252
429.058267670149
208.41362680494663
-283.9303534936286
-86.99111472162751
456.1538968405067
324.5773467206484
-312.791050907881
-416.07539507118054
18.44940886188814
110.57131183111656
-220.81899749726773
-144.00430023860864
361.9506002984298
381.0812066580275
-150.43223680176087
-278.8003346006906
191.36406781900934
297.6683912538916
-294.08498017713424
-594.0701236083889
-40.125459371467514
454.469440585056
173.5384433317431
-196.3234527453877
56.330575746098255
347.1739555533845
9.946309484219203
-392.1237092053416
-162.34462228140487
208.67603263209102
-40.714183646537776
-401.3015901077536
-39.0647787489251
585.8065210339806
400.4573778904261
-282.861576230372
-331.3965708346891
164.86350611549656
189.70932530807005
-302.87084694722944
-378.51683283713766
133.94353350685182
318.65888791402676
-28.3898569615302
-87.95383182041921
325.4241866772661
338.9402197645061
-287.5056581174953
-551.4976811871278
-21.14113187501849
354.5286704181899
-36.750428936022566
-382.0430534145984
42.470338675663264
519.926341486
235.1856557755758
-253.51064788369507
-157.09379936516876
133.4533180325567
-101.0565053414517
-450.27576812115876
-114.43326739673844
413.57976027606
247.68183036712193
-257.9661290573019
-129.57157120011317
419.99725371534817
317.25208242100723
-361.5386871599502
-525.8101634609734
2.899976466733774
253.50762183648143
-68.76926953490647
-154.2460701000007
267.5757016184576
397.74325818531577
-87.1114009397595
-318.81564484989457
75.17034350828496
245.05881137986012
-261.3737617659368
-549.3539952286196
1.5449278364611745
