36.121726818316205
128.854455712164
-482.62751115986885
-245.32653849599737
226.29842459454323
-41.6400261078673
228.75924770624985
352.9562154766333
-234.175701356643
-133.66647149709837
26.00067443727737
-439.60587566598895
-1.198986509030492
485.89184744651254
29.739103374868392
75.64131447836377
214.93314809712987
-384.3687628847808
-294.2129980674743
30.522270529187242
-208.22538445774242
229.95183001697637
546.0227349539585
-68.13120842556961
-42.371222899840475
106.71911434448877
-486.9051772555892
-304.19402440282494
233.25233291936132
16.65537871248192
214.24364494801722
404.63508641309187
-196.20775763837918
-169.25104703352852
26.4081546733048
-428.2049959054966
-82.56601615415147
473.05640991034255
44.4575364125905
43.89914303226203
240.31519474339078
-327.72475086645295
-296.4622253117089
78.94444119160505
-169.99493670893474
169.23414430120098
529.5445817834687
-72.26689351523913
-126.67044691874177
106.45268322164799
-444.75617788860075
-310.68973415037823
275.2123500235265
77.27892538232445
204.38264806774566
419.1855728604598
-188.77596845835768
-236.92243191778263
9.905569715712023
-417.4054186618641
-129.93229687648943
500.51780903291416
102.70102086822979
34.73102195362978
274.29329672848866
-280.3866060476548
-323.20319266473774
67.35158454167605
-164.16816163764992
93.61951379005487
509.0506052464057
-60.76243087871277
-158.1774907414195
140.7608087784273
-370.49402511904265
-321.7193499379234
296.9281878045283
108.67325962512743
147.6726084907888
386.4886160815668
-205.15142970470183
-304.5838983961608
18.80406882765565
-360.9322951534582
-128.3597608761047
535.4538062503799
161.879780453527
8.279082709683435
251.81013631122215
-275.29592419114425
-390.1892000841057
36.13416635428615
-158.9130866644737
67.99176384003087
548.3926513614923
11.045218409588218
-170.71042085707626
154.33151399762474
-331.4321062023798
-354.8742619737643
262.6182503883345
110.3674440159951
90.07105810308823
371.66663369861345
-173.4028550336968
-314.3139105498219
61.30555674306138
-292.4821866311849
-145.87611609388136
530.9694602599052
177.73868469176867
-60.977624758059044
206.2280228252531
-279.26770257875694
-428.3667172565361
44.98156088994245
-89.4206285021425
68.08173531336169
581.9052775052382
63.52239636506313
-217.31826993165876
113.05452793854428
-314.9819480153854
-408.1318163673824
227.29230830446016
147.22903885696434
88.65717539422417
395.5151911920605
-108.59967406945853
-319.5375260675878
63.384018800951544
-257.32708977770716
-209.6519725417766
488.0795995745801
199.1496676650995
-113.10322371351303
189.23119400091693
-224.61633852416688
-414.87709282416074
83.66795536396901
-26.84838731355086
51.83884309004203
557.5610862463761
72.28368426938005
-288.4795025282033
70.06833470736038
-289.23810333210207
-426.9498327070403
252.3200031857208
220.11529175164782
89.92612605223012
388.2875230676494
-66.93086349899649
-365.943212834193
23.569202669409616
-244.06869493184584
-256.01892940832647
461.73625585684545
252.28613657248127
-110.92859052335837
196.6989529874023
-158.63110486455824
-421.5620625647731
68.07186166344353
-7.199825326695207
-8.694270572813481
510.20385756314266
87.05115212444356
-315.33949050009124
53.76054893196905
-215.20247926011356
-404.11814769101613
275.0852425866314
266.1902715856065
63.0559260307753
352.8390560548472
-70.25097261556176
-439.51930123146514
-8.604191793952165
-195.18940322113318
-259.8886236936141
477.5692444071005
334.39927056088294
-93.53090984245466
175.9316238816316
-137.7885394576105
-465.93679767297357
20.405812747982345
2.443236511256261
-42.42647607312508
499.2254857824877
154.27194768617096
-307.3195504708876
73.82023025463673
-142.49398406809598
-425.0247946875234
224.2014686490359
275.1896602997996
16.5259041387281
308.3635435556296
-56.389931461414285
-445.454715955487
-5.8740488243198445
-98.86207123625506
-242.17848661908323
458.00957107136435
362.85604272828766
-141.90372192797108
102.18892587410299
-127.5458942969836
-504.3696388616476
-10.015875121844363
64.03734855676716
-28.186592792115484
500.01236096501634
226.77907311572957
-321.6392436105662
23.153711310745813
-122.12813332839163
-456.2091209544081
169.24755710678733
293.1623057862833
11.754821799959139
296.7692940252922
5.010875991089826
-418.95806524405475
-4.356536096201149
-54.32648448385365
-260.46537919709544
404.53158618994667
376.45070431894686
-176.12724075245657
58.03973366569805
-91.91108122893802
-483.473298473607
4.411748449243896
127.62930733709776
-15.53883363702743
471.9362262653423
247.7507790649057
-374.1287816462489
-51.69518280718069
-116.41107985958962
-472.3200544074093
137.2324294542137
357.4074395193149
40.015974771058076
295.85445323952007
68.81830448944044
-451.9933731463814
-54.617234333618384
-43.36923548626887
-308.5543179241659
354.6493182272305
409.09401281423106
-169.58698058750042
55.447912837669314
-32.38122682692405
-449.3766981958449
-3.367847774057656
165.41121926202524
-49.689435490025545
415.26739231692414
244.19176598838354
-400.05186877419436
-87.79788571012762
-57.36200788901001
-421.8163234544767
146.79129943050037
410.2632645271683
52.20470506890307
259.7480484060254
62.39012280796234
-484.23684787072324
-122.46058230360916
-20.417166270737397
-293.3287407273138
335.66801236461237
475.83308568566025
-117.86979727651229
22.291085564622914
-7.46229290829848
-461.15336275350194
-55.23348563134123
164.12810891610056
-68.98440154657104
362.4148041738201
289.3538031952617
-380.54973040305333
-102.2958871965839
8.566608557525939
-388.46360677072465
112.78524683309492
418.5828111189618
20.500677504950218
177.76583711587955
59.385099747030694
-493.1184193418855
-145.2680725898143
56.83774725852476
-227.7294662401606
312.2476106140157
518.8460983297407
-124.58346413104776
-44.301681801574375
-11.142353013548263
-484.8105483230312
-115.43474087651751
196.59887016446726
-47.92258966963449
361.5654252200432
356.624383611355
-334.24451211893546
-142.26713721954076
44.435942628458804
-391.11154220032154
41.17590241961511
413.1922908981893
10.908142117160047
138.8945325062231
100.18091039603726
-461.2428049770938
-141.1241292333296
110.70846879880114
-211.32340492822652
266.48490238981987
513.7485055268174
-135.20122314835908
-119.7986633407493
-10.230080566115777
-458.7682241091586
-111.10746650134436
253.17573011682788
1.5823362578666629
343.5604384189714
378.6056818500266
-359.23319036991825
-230.32741642254567
5.226895185217746
-406.4978213179228
-9.602030346691038
451.3861044199716
58.41642357272148
142.6580411746861
149.89884919847427
-429.6123195558869
-186.3136577156883
121.67033422126539
-223.77018433434668
176.78506413037616
518.2501356465756
-119.6925514849854
-148.15871148440542
32.323830821631645
-406.00596731741985
-120.8084563428993
295.5861148745258
10.336782298358996
265.1872432780571
362.35033061066326
-368.12443072959434
-284.0514561572313
27.908201859135353
-341.41271108532953
-10.20608696573205
499.20802848862957
110.8422176600484
95.83964662210589
152.6752243249865
-442.4107577832492
-261.65087141733596
114.71506073304676
-208.07980019836623
142.71671989981252
560.8147695417717
-59.60212207177742
-145.64682279028622
54.00467213918688
-382.51989309758767
-162.92306574422057
285.70584022808055
-2.4597233288882316
189.37835466543723
367.48405970800036
-329.0605123233993
-308.94554625164994
86.92342568513664
-274.43677521377055
-29.485958144787975
499.49259531561245
104.3226845664314
45.768304698491725
119.41218438459008
-446.154579537001
-311.7452519038273
156.28490963573302
-156.3195194517973
144.01504479979172
589.2852876475356
-7.481902226317917
-212.19689872649874
33.98305923015314
-378.09535423712964
-223.6912071054219
272.4046920833156
23.83321315849522
164.70485158415804
407.9783894138454
-265.81922758307337
-320.80937525940374
102.25191455604013
-234.5731368754859
-77.14565878310816
468.1835227299302
95.95784311051223
-25.326627368732908
124.4787770930372
-394.7617505643982
-307.32863279815115
191.43001294575234
-85.60533672814275
111.63009443784783
571.8515164030113
-19.691609446317496
-271.58516397635196
0.3874663408551894
-361.5543760436891
-246.23379591780522
310.592313213335
88.42960603678245
175.63253296241322
440.22116281022176
-232.77109265940487
-390.6769391943186
75.77150817991291
-237.24228964918453
-138.61977563518545
463.3997553112868
157.09144219822286
-11.362005575752805
164.75164738100798
-349.2098156356617
-334.5917780995814
211.11018577043623
-68.43745532319575
32.59337460908834
528.8702091145087
3.529128524929834
-322.2798763846256
15.791330909312986
-293.4195047401185
-229.92290321814045
345.70290757121415
131.51877721440283
127.59317134656874
398.4317170658467
-242.54528699639945
-458.8861678498991
42.73173365320678
-191.09795301906763
-145.4476553899426
479.50326140366286
227.44049615673845
-23.348285646985794
159.917306492576
-325.3749927913942
-389.9807080106584
178.25178287874155
-47.40678440247736
-19.113884886028004
532.0232207668154
62.815930942119905
-316.9349577672726
36.83451744974941
-234.44024950922156
-257.7100850070141
311.0839448100288
130.74733210761815
54.13676709818027
362.51698260781274
-207.2165721417093
-491.1042082496345
59.1266684466182
-99.87724563581368
-124.88192406287207
490.1801650319944
258.71828886605897
-68.77341666977424
116.81858586610991
-331.54435087163057
-444.98946330563393
164.2433302353747
10.284081867073576
-11.215534164478234
538.38778423227
128.59177710425226
-327.9310908725079
-13.187920770468363
-226.7732803800526
-308.4604268394198
271.5051997300083
156.096186986164
18.756627183252245
369.76185079402336
-137.50062510279142
-478.6406426519596
68.022640941875
-46.5784451629555
-164.4064717909259
440.3442283538195
259.2927263714197
-130.61758599585727
78.81758872987137
-292.52992607815764
-440.3609369972189
183.0414803190697
91.69359968415729
-12.182144928423757
525.0376014293865
160.21982278828813
-377.7087504931981
-66.8031790551008
-210.48327365410236
-322.2751481085712
283.43674226095317
226.08965252232832
40.45392600060307
379.54107900351084
-74.69832324129816
-499.66973159153275
32.768302909509984
-37.2821408871416
-208.41150190159726
390.3892541693281
278.12004119522686
-136.6839197149613
89.53616891609272
-216.6684162708196
-441.83888141401883
186.8307365521287
134.99614320978733
-62.926121812299925
449.99955582911315
164.93130227625122
-432.7660376657029
-103.31313430124467
-155.16257453375448
-298.51062004239714
304.90820891111514
282.2287704436628
21.463031691293
335.939702004677
-62.22008354392758
-569.524242838091
-37.036239425806194
2.650150555279456
-208.23796040172562
390.9323813614715
343.7462320676399
-110.9394591876445
86.64037092700418
-176.95133005299397
-456.8392904955565
135.1118692253724
140.25241220667402
-80.95346620896211
413.81349952992997
207.19071084111735
-411.0517090237899
-91.77603742090861
-86.38443924059735
-283.82166728758847
278.6061607263246
313.55988356846973
-26.430022038957812
278.2739346611262
-52.54602600024824
-582.4958243720484
-56.855471587077766
78.72081257050179
-164.44145797919458
379.32662217122135
388.80631164446555
-127.07826304710629
32.21096238693768
-178.76909412389622
-498.294715116864
81.2172714624652
193.26110928266024
-100.9343315485604
401.05415568979276
276.89597803613725
-376.7468248151625
-110.13333066963081
-60.7786149028677
-304.6985129028468
219.2314798887943
312.03807624754944
-57.269992979000286
249.33755763014423
-0.44297823606981357
-550.1973885028234
-62.16522720281868
137.861273845572
-161.91300984963212
329.2481928824511
393.10698019910797
-166.6663205147139
-44.66008332938638
-153.44952865604296
-500.53207227959416
87.4640976359738
276.63198362051213
-56.97585645599729
372.22413856691367
306.3248893755453
-390.14394611337383
-197.03854308740029
-62.47599078037494
-333.2578466579541
182.0464641668786
343.40974622246625
-23.727904016313644
239.60766576258865
75.41216350021469
-534.2790114519994
-97.84820831619712
154.92400990756374
-172.01504937001258
251.5184524082366
387.1604646739265
-164.02597170646024
-57.69779135273661
-101.0739556764493
-463.2455448170771
82.24688820285384
322.4525536635742
-53.31460742958269
304.39151625877514
300.05562478821184
-415.91526725529326
-246.9759436097592
-43.96693064519066
-290.6187101740704
180.10366999978237
422.15827666743866
-11.531994166480786
199.29076853699706
85.00339083048559
-559.0791873434029
-173.8133652477486
163.13459565569764
-162.71484539922244
232.1717389400295
436.69580905245675
-125.34654255648215
-55.52774031438584
-52.21702351933823
-452.0179072134857
20.501093052820863
328.6063404929161
-93.16137161307344
231.09953039493246
309.60581493385223
-391.7255996247021
-268.1907759510258
19.269259414416517
-235.95381303649174
167.66040887896878
443.40596769115825
-26.921943089661653
126.42045277310665
80.08844243814467
-564.8935434715072
-234.3613450545222
204.8813280184892
-111.79120369654197
223.45717305178562
484.8062571771156
-95.41100713921648
-105.45704482342084
-62.25613942688381
-478.97277155735196
-30.01249776856968
349.92712212735603
-67.43125784663772
207.17105843069163
368.7023971306563
-334.6744697004444
-279.9062938038342
42.9450817006953
-231.82087094022143
110.05409859511191
427.3529864031791
-38.33919128814629
63.75987360680018
108.81166925753757
-519.4348422397445
-244.03414402649327
259.78919355413905
-62.81935988815173
194.42151954737943
477.3729672068212
-105.30936446872924
-185.55225441885028
-69.36132929551788
-471.98636741908905
-62.88548132879012
392.64754745781465
-6.50392598780796
187.18459581881908
384.89562654780485
-314.25639579817096
-342.18342530925986
27.399488601025823
-230.85537301541527
54.55169160210065
440.46021927994434
-4.152611193939849
48.71590293286403
146.07730897430545
-464.4796482731391
-268.64023605223696
273.6367842835271
-54.50953394134011
116.0162271884462
448.61901617946745
-112.98654369808206
-224.15736816850898
-33.66755796589043
-402.9521382617245
-64.99741473286932
460.17757929694176
38.25866084045601
130.1324736801182
368.0879499490614
-318.63088188254125
-417.9477471361487
1.8007205396137103
-209.0918501966243
49.51950531242365
488.05010172958487
43.842287992963264
26.732920435822898
171.2824558002173
-458.1109025639679
-336.17980377225444
247.93778550910855
-36.75709611364795
61.786211293054315
462.88786726520533
-61.77777347704757
-217.41470334182512
-0.056752971194276025
-355.40139400966757
-106.20344849045713
433.90345962987624
38.5817251022549
50.20513226284084
343.915760352247
-287.9841639164149
-444.13747853547187
40.99019321687885
-121.96539903204342
56.435876726442245
496.2643597731997
75.11358046788229
-35.86556568470708
129.91026801808164
-456.8602603327891
-401.0170004104734
252.579828695609
26.7344013922717
65.23267393647393
490.6833508696817
-5.508989245079309
-250.62877344798517
-10.241376847264082
-350.71875873758887
-181.6780435241552
417.46999036997516
55.66564857078534
7.460729813826243
361.12931106558636
-218.4097336703735
-445.05180618525645
64.09363556295041
-84.92766132281254
11.258571004338576
480.23209530519046
54.028346644713736
-106.75311770918964
125.8341941709911
-410.34737825957603
-405.6172484333828
276.85758162397883
107.92201766896021
53.93465189718434
478.9577337958637
5.096870356708653
-306.5198076446859
-41.86961064020696
-353.3865674395316
-212.62167748748854
427.20956730634646
129.953744523811
3.376378384865349
386.25358428883413
-166.6433256406856
-459.34374233922705
32.92185405378855
-85.30395207338441
-42.48479592825883
443.92333489514175
102.26001883684913
-129.03575343592127
152.71234191375527
-333.8986973282505
-413.9616336455691
287.96732422807764
143.73318757774774
10.318548769407967
420.6666366236093
0.7421557965951013
-364.03741323900203
-55.34499745905626
-285.5874788098391
-202.0537783017564
460.28078463450436
198.51835672761877
-17.99485318984808
346.6529437153645
-157.16084918700332
-527.4112226698585
-11.805459218229576
-50.56537263805288
-58.58242637853083
461.7086503176071
160.56107062760705
-125.01653125810053
163.43844240700545
-282.9397551809433
-452.9127538782615
234.14498720363457
156.45105027581576
-31.547164904275114
382.26979974311973
40.60048899674812
-355.47382673353485
-27.23876630092071
-213.48466309803675
-209.65529575448576
449.2113224488533
230.0210919583776
-79.16698871887627
293.3762513999666
-136.87875252391322
-551.7853737560223
-13.767686334074067
15.048569167331744
-37.90187317138361
477.54052006892346
209.47883982137904
-171.03894955239383
108.11544421049892
-280.2395591225124
-510.1327191495662
198.22676659607697
201.77442901152193
-38.536198175634574
396.7151393466414
105.49452122421306
-336.733916089976
-33.775284073181645
-187.41496315288927
-250.05505880387236
400.45135675951394
233.63871668903167
-123.23063019349011
256.0632591367139
-77.32720141388087
-526.2718623396707
-5.328215741258047
82.31823715106248
-40.35077926744276
439.3844554691422
206.92820401417907
-216.55821509720568
56.666893960566085
-252.72668702505692
-516.513678936437
199.70530992538497
267.4842711602935
-11.57449539760034
371.62559812842073
147.87389170122387
-383.4328544864466
-104.82083050127754
-182.1669448402577
-299.7996141170913
366.2780031341299
295.57241373611083
-109.14551372039695
255.60406049364227
-8.491203384011802
-526.4018454439687
-29.48097331854904
93.99661463796545
-66.56766501420711
379.92793898600274
224.8211719541597
-242.11352988606615
37.39368218381989
-170.63028946804695
-486.73843520356127
203.1019961586909
338.31530006624826
-25.025740213041104
313.44533408485523
131.43255504924585
-415.17225592146036
-145.99625679310876
-137.99370487445725
-274.5422075358794
373.35028293589806
372.6891266682259
-99.61304065670838
212.8303871417752
16.356187469553326
-555.9564033703061
-99.69915941008108
107.41976781143399
-92.93715556685844
361.00076047823524
274.57200812667304
-232.6775023116064
47.476721309733804
-104.69094517737217
-486.31879818654204
144.5674220798508
353.626081611695
-60.95921099611276
252.78972279214892
162.56320623115712
-410.8668092547526
-151.29689751864575
-73.35514847332715
-242.89102382041048
372.3443844105512
405.2339485877741
-127.15710916900991
138.29773228592782
13.775310811178201
-567.7187921963788
-152.1734681041212
150.81572703302209
-44.875483165126255
369.40516162578587
336.81085753236613
-213.73989469740286
-2.6601541854196507
-94.83176736967211
-524.4198948007273
69.04513229896996
359.84237729055764
-50.3716471741316
225.5471327916562
206.87192384209476
-370.9641971291567
-154.1159650750556
-29.09403440105279
-254.37348005155286
299.8335422959772
399.9466940505546
-149.30587264734118
74.8412550081103
32.51609348945451
-538.3511835202156
-146.25234800629622
217.12587165263568
-11.632265875262988
333.22562085530643
343.9337075628476
-253.90713724740237
-81.51447186976159
-92.34698086628991
-522.4147471991046
50.71906630793525
425.40508704794456
-1.0201007897764005
217.28948123545513
247.2851844540873
-364.1617364516348
-201.5774783755223
-27.157927849836287
-280.43847810967674
232.18809077513396
437.8367403254622
-132.72121306881306
53.39935747475956
106.67949640368013
-499.7098078564019
-168.41320462967542
236.05595796416657
-30.09728726462897
263.56926119218707
326.3617761715298
-268.52961401464046
-122.13811041990834
-33.83416402872
-469.7052212638848
34.9812529782953
477.7486783530308
37.42840328622208
168.99438900974835
232.08936035808955
-386.87029464459795
-279.98361676414805
-34.185971348932064
-266.5481155363335
228.16931987364808
499.38465402576304
-86.32905936063172
25.544927836494825
