30.12172681831621
41.685966364197654
68.87691598556283
-51.210811847954446
-105.1906069149685
63.59139561786253
107.83418214963538
-163.9294355683579
-121.0242585983948
166.88534178203375
65.61897091606234
-194.80986150984873
29.86802820748632
198.62048879308608
-69.26916529069541
-114.78741972086007
177.525666459794
25.791749687848988
-239.1355786715762
65.11582446958087
215.51046418613464
-222.15939924532418
-223.31453497169062
325.50845379558353
155.51431302890055
-399.9125268372364
-13.929550663571774
469.6377512674622
-79.75472898419311
-423.2197214000491
221.93328674960506
343.66844365943325
-358.0317708138069
-251.19419661777005
380.48677698711987
41.28383153172319
-427.7252318392859
134.29024116967392
389.07181201191827
-278.1620150178176
-237.10832488182768
454.7518290471765
111.62487779641903
-512.338444064357
67.55971987322688
516.7365215791493
-274.9584249182385
-490.6001536153856
390.5934262488833
354.6987001104225
-505.8391574601027
-184.72976669808236
559.2518831647625
27.837430407276447
-491.8025802345271
191.07440699613267
416.97785048123797
-325.799717163152
-264.48095835933236
408.35526817369606
37.176624944393524
-472.5224209191662
122.64912653607234
427.7004790694897
-292.3782092718352
-325.3386582982256
459.74775039415124
240.82407817277414
-474.31563521441194
-61.227000831382625
494.2880452533915
-99.21186866462453
-462.46739274478585
187.38262901822108
315.3851013427608
-306.82502542650025
-197.86032932063463
320.8399169573611
58.33304698757263
-262.2115925195998
115.81455861165765
237.71970916130016
-190.00109649466285
-124.68325484894007
256.4616902302169
7.587648598861939
-308.5146412327929
49.052583230892466
245.82711177715888
-137.02763067330204
-199.29930237424725
182.23598968455886
159.4816039537403
-145.0252228262432
-54.617816767455125
140.07278969467077
27.552931081990714
-75.07843673473951
-18.22611822893061
-14.381672496565287
-24.70302394048818
42.05304293380577
-28.722835332464907
-85.374903041794
60.03417023501974
113.30725383989166
-62.91020003822117
-53.24519150271382
121.0363425994626
25.09718730205434
-111.40776663322102
33.94424384109632
46.549974995006586
-135.66022791420727
-10.670457081981068
137.3867064016968
-101.68424188781253
-173.531968932412
222.05537724283894
175.28632748183404
-271.9137797225706
-78.90438827687717
375.34133525503813
9.163439977334447
-404.87028668998465
97.14200576781047
343.7036307100808
-237.69065470947072
-297.3594058227309
306.5274221631664
153.3676459067966
-346.67342214815625
23.241233050189837
380.54895444589454
-155.07248253832776
-288.57749390613947
336.9321766112992
171.55204894147633
-462.2619563513855
-55.70353240947395
488.29536791453654
-152.8369811616315
-508.8344253915194
305.8754290387535
445.61148795953716
-414.7203231404714
-276.96771409352795
539.5047201295624
142.17450311596969
-523.5216267887739
54.22611002096198
449.35898673279866
-253.87800992115444
-366.20765388699255
363.40048937899525
173.1687908377209
-466.71939392846315
20.9294012742629
500.5456670066998
-193.23429528531244
-415.3075322914887
389.5683739654308
335.0511846238263
-501.38585766143666
-187.70380456525012
530.8072102741652
-4.410158562824467
-552.6858432998288
141.92915133923964
437.54966079197465
-267.4099636539837
-297.31246476809275
381.5301187079508
173.11257330708688
-350.56151669248055
27.054227983654265
340.1680481942097
-181.641270206756
-264.77226312435977
262.82188091163374
110.15609503080594
-366.4590631656938
-18.759390185258322
375.3502476880214
-86.0405478116814
-314.2034196801718
207.9756468247841
280.6932707594517
-214.38519994198163
-166.87263083180417
229.94989625631825
64.64666705402222
-206.03081667429248
-17.949441046602423
115.57942279874189
-66.81751248404619
-48.91862626125386
81.77513084497795
0.3577292780674455
-34.547435291170515
96.39735243972237
53.50057989072047
-101.96395444532341
5.892774590008045
81.27890299299038
-56.61179794771831
-99.35013282956048
13.279333961648854
0.17699378415823563
-12.715764175595508
44.16062457050617
-15.094528614973843
-57.696883590114446
109.60845762888925
118.7120871626318
-154.49657098918786
-97.31581953388043
226.7340699476237
45.72711810254055
-311.86174792636126
1.143492769019458
293.67708174340504
-98.75641921684806
-270.91169048015877
196.76344208210537
232.6795630155908
-239.47315962832315
-66.15494327933679
302.2377187188139
-57.47282505473561
-290.45959367564967
191.38580392589012
203.9836531892452
-352.28335920312725
-131.88372162798166
420.76606147651574
-30.391413950401912
-468.20319690265876
191.68087623972417
480.51260916115285
-308.8993307062371
-356.8411072420795
443.97826939636866
218.74637123253348
-518.1311122089209
-75.80944549690255
475.35419558740256
-144.76941810807446
-422.8744980519905
283.10793082563737
294.0543969783406
-401.05851498626214
-100.7415266187646
515.564292650158
-72.60080712010328
-481.56566033224556
290.4742683520171
406.39323783256367
-458.6187670863434
-315.8329792796602
525.4012518336625
107.46998415069257
-578.6968308026924
50.715356623069965
554.9926148099858
-181.12519433307372
-409.98450386545113
352.03507839478607
288.6246338340714
-406.888882199282
-98.63359009234922
402.5017411976444
-109.98715153717109
-377.2653250381574
233.6583294089181
248.07591894617786
-375.37797012895413
-107.448498038292
451.0976576497472
13.218758844338474
-418.4789708044878
155.68569996791285
385.2418369879489
-244.4705863524965
-303.542265442353
274.5578054754065
151.28367405783212
-314.24519281464205
-71.05093463317888
255.87495604268105
-35.496898796671644
-160.73888113042665
140.10838095788893
101.3251542734085
-135.81527326572458
15.202812432996325
148.0933056846543
-97.76357409378772
-146.89825065639718
118.13231336523668
70.61788126525607
-171.3114180855702
-43.27584749873686
136.50282628501526
21.396968533789227
-60.69585277143598
22.46362182601206
48.45773884657129
29.88134146503735
13.544764199331086
-64.6787128818606
-70.46966126506761
99.63708007862033
39.23863203482637
-169.59767492693288
-43.825170093666316
219.00503654165027
8.621931326307484
-206.87324791881994
87.76385392893799
216.81782349148503
-130.51937771038453
-130.71618888435768
180.38145281413534
21.06127439196706
-235.59127892985316
62.127329957642054
194.9595667328203
-222.8475393857197
-141.1595755642872
337.6691558303022
76.62068647148125
-382.15777882321976
92.19537875501656
445.35466492782507
-205.43057849017927
-406.4315169171974
305.82692366300626
267.1944693542471
-452.4910410667867
-183.357145454931
454.38610441999907
-6.544925228442006
-425.58396958570484
191.01017003396709
371.6387443508293
-305.1486040171145
-193.37076277400422
443.66681416139437
20.907813113832844
-489.4279080289051
149.4688036757093
440.0562380243189
-360.7931814020518
-395.3426814488966
480.4735691028638
247.513584337885
-556.1080062004386
-51.27198490265246
600.2051676050385
-93.17242062443995
-504.426514352715
258.494692450198
384.043926675176
-403.99725337899525
-235.18414117822329
425.59240333181407
-10.198601496833362
-441.0218513127916
178.98382448239502
380.08513860679994
-320.10319157002243
-220.49002773987186
467.4997417567191
117.79769912550385
-493.4227317797551
65.8484185883212
463.9325788944209
-232.64687314643018
-427.15707294480717
292.9928799257675
281.84964090178164
-366.4101525696306
-142.98573519385133
377.46589977682316
31.44056973495096
-282.1535550028974
124.19568651023397
210.87462477440914
-201.91700346652692
-115.54069209400365
226.36423211556686
-45.25928927231514
-253.8050480623898
102.22171521396209
202.85680794509474
-188.69345904698866
-123.39909822801991
236.51189510949655
113.03561449790737
-194.57128427103882
-17.486229142946126
164.03267907135975
-11.131021510213145
-122.95210454060663
-8.762978966173113
6.414978388751372
-11.88409371384434
12.829954530416014
-34.89402526532124
-34.683200380767744
120.82032165438163
80.99643679882905
-109.47387317081139
-26.186791194823126
137.94354881202509
-30.963864522766322
-142.6136398030913
51.01131518851598
52.07054626167182
-133.525719329422
-5.946774107641842
138.96724219643625
-85.06603238663655
-100.94567137993057
218.57549302568555
102.20074388760845
-270.44941092292777
0.20602217783387575
337.2651652238908
-107.43075416085053
-373.5406249442132
192.40192888339402
301.2548856849621
-314.7633555242376
-232.42981070431645
388.9592178755034
123.37694072390397
-372.87141477278414
82.61065959940447
381.1819939216364
-207.96597660431064
-278.1396214379806
333.9923371209561
107.32451493760311
-448.29977811075594
20.54517751461581
449.81377256620834
-231.82772779034286
-409.62157518730584
401.8410935424284
352.71216533518935
-485.66090859114496
-166.66310896534455
587.0621291602986
4.139522764186831
-573.6660007958784
152.6704109207812
451.6241588500181
-341.712453697898
-348.5288045955424
410.489889608944
151.75093475270174
-449.37492853355775
81.09690529373111
461.8404822043286
-234.3647950066597
-330.4444872520591
421.55208367695644
205.1126997890627
-526.4457730028739
-70.63645580421172
524.3496044610724
-127.63139502308776
-521.5195589797887
263.5998269393246
412.1655083876485
-357.8892076570705
-245.70297947181987
432.964665841268
124.62447994357616
-400.81478833515564
44.87365040218313
321.374828666794
-199.81807101150048
-238.2387929537432
266.72815083928435
80.34690193581092
-319.8895207252928
55.15568028791034
330.61214842308715
-144.4502017600206
-246.1013410448284
269.443935223561
189.89838249896934
-292.0093579528325
-110.42251898124425
248.4464421824596
-4.66856033678574
-251.49888764797257
11.997273979439411
152.8422046531472
-62.838703484907796
-63.23184283875647
80.24919312955402
23.44610629081984
-17.87693591004844
66.380764338933
-8.71580974236907
-86.20255077295047
40.98368711683322
56.76026378798162
-97.70215534846105
-71.72003880451454
75.78347848482181
5.6311360020459045
-46.702151830265336
55.57330349135671
22.305172464584338
-35.57408643066498
97.0806943725712
65.72635480547058
-162.94342614152927
-41.01233295643032
215.24587929766287
-41.07900715242461
-290.0427728191683
88.04390286346833
288.8205716768254
-172.71580268823092
-224.74535280699013
283.09549986675535
188.74585740640794
-296.82696542050087
-45.911436069184326
317.9407897374932
-92.92620081557347
-300.9772976554209
188.28669490412412
169.10673117397897
-347.05710231712436
-60.49580090716833
399.87278461418987
-86.66375416059817
-406.0615296433253
283.0608603409788
385.61192303013274
-395.0807757493541
-258.70408486590736
494.2726136483257
100.83154276209657
-576.270748249489
33.11650798107478
491.5757188147604
-222.25011907907745
-405.3694935592383
363.90124855029
283.136866125111
-422.7324836562617
-40.42710459361318
482.4260688933055
-140.5616991464453
-422.4383191303361
318.1756120613594
288.5738631148896
-478.331726331131
-181.06268439619532
550.7130386519567
-14.89862218937967
-560.4578272559447
196.86502669737817
535.8535916442687
-303.74984303236704
-364.92267178206254
430.0844155370066
224.34314748122384
-469.87974442225084
-65.3699431314952
405.34057524881644
-141.94718088430417
-347.86394372815585
264.00146733816695
209.2599272852448
-346.86429326950974
-25.451637943753028
419.87730705783673
-75.14204013617544
-372.4692586835945
230.6609370679842
285.91633810124483
-341.68958958403914
-233.51747791504755
340.67670981845856
92.80618247507893
-350.2648700875986
16.733185947075725
303.60109196798294
-59.230624769198876
-176.73960057985423
155.87186260047656
99.2257793610076
-134.65402567093912
-7.413000489921424
96.40580502447656
-112.62439009976383
-94.81728002616681
116.56307242677416
10.064447107228574
-149.85875849124318
44.747391926867095
148.58482939308445
-23.255244455322607
-66.17826572869856
58.042620069250646
40.27345868854506
-26.17770803806134
-15.36113388147309
-63.39215541482311
-30.498730808925398
80.83385646153765
-2.738936303622904
-173.54468269409864
41.73560166486156
222.17456120841885
-54.954142820142785
-193.33637815591717
164.39082349160876
194.09942508767983
-200.35747958427038
-139.4012847356327
212.31829439907136
2.5348973179690866
-257.545361974123
80.33148090336034
190.2258938981447
-200.57453021204515
-97.72515568542161
325.6384709226524
6.658523590315201
-340.2986409093733
166.37149877544906
364.81558560082476
-306.5359548864813
-319.78023403764985
382.1612383283018
185.55023382223075
-508.72864608751354
-74.62398660648525
500.36260687838313
-83.71438482864707
-423.2763243229882
273.27642971974586
364.8076538669816
-348.2006289954141
-172.11394881294103
428.7342950502861
-29.743549642334063
-464.7973053901367
194.66436932210797
360.8950068481687
-402.19109812974654
-281.42315439130886
527.5422514445763
121.59908717026335
-556.5056018623349
88.14823682055254
583.8261877675819
-227.53569546918484
-496.5329694127485
366.4865905613858
315.5187754666312
-484.5577767423947
-181.28863639269468
474.2556223970922
-36.471237992397334
-424.4812778264725
226.4889627476382
346.61449997882784
-327.74660081490765
-154.90816507402138
447.22310276911867
-2.8748390437239992
-475.97277155729853
156.88692265903083
407.7449326599219
-327.68225501004844
-342.50894338181047
388.3539847830842
215.68087701226966
-409.3031015737981
-56.92956467352529
420.16019685947896
-35.73655656246772
-311.53204205894315
149.3056053800101
204.3331806084141
-217.28873141856596
-102.27932822808643
191.69078485305866
-53.640868808554934
-205.13221070880152
141.95962541131493
149.51060572430737
-172.52464911135127
-50.59098254425448
243.80940600534478
12.471084070285318
-199.63566151124985
35.1063213615688
148.10601571034542
-86.50477268843053
-147.99197301472967
34.89498219610407
48.85821240396793
-17.331959448457482
-1.2496887345077141
-19.101796790954232
24.739738555866165
112.77433997750012
8.639265352696958
-136.00829326871323
38.67239830434473
136.91348733335528
-98.6704363164039
-165.529962692577
103.71106369466268
75.29491820330256
-153.9876540298264
-4.902545199294335
170.95336902186486
-58.384136802418965
-90.4181797166697
213.17374392000087
52.26335832371394
-256.62477099502945
41.01722342097908
282.06701424101885
-198.01234418059522
-328.9761176903721
266.40498888053435
235.5599412982131
-373.0529526672177
-139.9157967330912
450.67769358526135
37.08370184070872
-416.8407525994092
142.00773829811024
374.85641642759435
-264.68768038162796
-273.0451485439729
347.39042346916335
70.40543379992232
-423.5612456970454
81.24128270287102
406.9158586212525
-269.9385750785785
-319.36369600958824
451.48542696122445
228.41943907694952
-525.1014966828106
-32.4304708748564
568.800493661922
-147.4827406262859
-556.1942357992583
271.8670079824022
412.888092340126
-425.50085871588067
-284.221833195536
480.9019243142551
104.98298576256684
-463.56087501007846
133.53243161887266
439.01108540512166
-277.2685048825316
-286.69787485088136
409.19580624961833
101.32414592401834
-520.7066593784476
40.89911658618107
474.8135224552146
-233.36914691946194
-439.9367955624968
381.5825017407369
349.36931611300497
-426.39813648898013
-172.02714610975224
484.1179497061723
28.436578685460667
-446.5783677933518
102.20415687730095
308.0366106872042
-241.64513028172814
-221.63240954725356
275.252071899797
65.67848337855246
-288.6131660566059
108.43195174464061
277.12930581962337
-176.3708234685966
-176.39074529551047
285.11421619294356
99.42408514921013
-327.70380772292555
-34.82831375575064
268.2708440028223
-76.82072283529219
-254.68716718764756
107.46125646067942
177.95334330116998
-82.78698327164868
-72.28750317525054
100.36286299835271
41.44071925927234
-33.32787395605376
29.256792951138394
-29.067732908755236
-50.44036731767048
46.00045003912011
6.353010297674181
-115.02588164579558
-2.4677443716029814
115.86140380975168
-19.676777434979574
-60.292697405448514
78.02919708143838
39.427223685333814
-56.108425050644655
54.96309516510128
39.21389036723403
-150.528915971377
-19.135320137473492
176.43100732896448
-94.35762866663724
-237.46551585582841
172.41736789504486
246.10817760614196
-242.51009479948016
-160.2341632368602
352.2592413472687
114.85808140901408
-354.7418722358155
10.773428405215487
339.6485310335792
-165.85220153380675
-304.7627401784441
244.39715222901143
156.67733329297323
-337.865224757777
-8.558587260710514
391.99969370206975
-128.1330605352917
-329.76080734303963
331.9544927571818
281.82161741560003
-451.796313130663
-145.76393107880995
518.956907889139
-32.86522701899532
-567.078345804127
163.91266385326657
489.82369133724984
-317.6659720309251
-359.7023721879458
448.1486932077855
228.11173673090548
-467.97060867247
-2.164365909414922
462.50627648573277
-193.44408345257932
-397.64503433667517
338.66993943848433
209.51918162009764
-482.4677148849335
-59.71703524284484
536.7697658387693
-109.66797438027422
-492.9459331061914
317.56999064025746
453.9602685093535
-415.7988739879235
-296.8628401404246
501.76918904891295
119.41787495072438
-531.6000485642247
9.321763438147629
431.0632138636227
-196.2386152617226
-322.090430431044
309.93678447286476
191.7674983507316
-331.90365597920356
10.082601499808108
356.4774369756352
-142.28918897655538
-321.0029009105283
265.0352252406088
193.57728218496806
-386.6312494754797
-125.43140576712857
366.10940854128114
-3.7899906774179994
-349.91857433840295
112.42403359858572
318.61443504039596
-131.02018290369685
-188.21193474325162
190.35361541374115
93.27076218404594
-159.4524549276854
-28.31068900141297
93.1941790757211
-76.79438238131635
-64.5287813496776
98.19065610217717
-8.696112128834116
-88.5479800823121
88.99530510565786
111.72171671959498
-78.32019866646068
-50.66731521310131
94.00599396321137
8.564543763043776
-64.27576160819389
-17.894235370920853
-28.57352798236385
-17.05421450032124
59.985341548799695
-26.963815497938207
-111.43678546548819
93.51271000418927
193.99002835735112
-117.88308066382476
-159.96899698171194
211.861711376337
127.66209435868315
-284.4148816032291
-84.49061318695409
266.5365028837906
-37.60914745321265
-277.1324735862667
132.82158006380652
210.5856199190562
-197.93416919507078
-64.26462605007117
308.2355016911558
-33.96377275735238
-305.82350743316334
191.4062921247413
275.8807280105287
-359.3009251027011
-227.92942350182312
425.963022613195
74.34225459368028
-502.14659182037997
64.7837519971043
515.5244514576495
-185.78211337161295
-409.02861148615204
361.53699378909937
318.47951178878094
-430.8992397253772
-139.44446032357246
440.2720139791053
-91.4479149800765
-451.40296479081474
237.06033523242792
318.4287125603237
-406.47215266955675
-158.45877968942708
526.7408950184359
14.872161358410175
-527.3339729567239
202.04298934713432
499.5604265629996
-360.99631859638913
-421.7948027064294
445.0052128681364
231.0052725199486
-551.3379185542188
-85.1126555195424
527.4138145383208
-96.95259073700939
-420.5860212317398
279.7813477022713
321.39106959708863
-353.785505766619
-122.53556831951539
415.773575745116
-73.21791604925927
-426.87632077345
203.99674313973986
317.05322902833547
-365.72419983202764
-224.02870025822364
450.3595375390077
112.16735864641664
-442.60377100679125
55.37002516988104
430.66157037236025
-136.66337724008906
-328.9522584644009
191.13766963400172
191.95168836703542
-266.6086193180612
-109.58216975954731
208.05687384500084
-42.6331379495675
-162.88301979165774
142.41069830621933
124.02506827783218
-153.7022023057798
-2.1247697408046964
198.16359272645101
-51.911667337610226
-179.6761053223772
86.18666543129675
119.54354501076638
-148.61670702894708
-116.19303480546489
89.76837178533123
50.72285331931054
-48.382500735620326
-6.724826914104097
19.544927836304495
