25.12172681831621
143.37988805936118
377.9140887252494
-562.4398626852694
85.5510183586728
29.742817779792404
230.3138915455871
43.278071301776855
-574.3371541459779
303.0937372182904
21.259404083879605
196.8823556828324
-227.6589794702854
-346.42966960973536
492.1761785083869
-69.13098085042824
149.58949397128254
-371.0532264852538
-4.303579898385305
473.422674079413
-225.03314481756024
67.50790435141083
-386.6655145072879
284.09394981229315
248.3829391528399
-342.43706007690935
40.505563472862235
-280.7232721879517
466.69722631519284
-46.70284672401499
-291.69219361211435
111.3417869982445
-103.68201383694137
480.7466969374906
-330.24012035598537
-111.4862178612059
141.84836929721237
-9.01879441097859
317.0409698024402
-505.7357586211237
118.31228912799055
86.6561594691592
6.47309274656301
100.35093838662075
-472.0474040226266
362.2752546645972
-17.114199227972787
49.13703020873692
-49.790557607101164
-253.6192825163784
486.7226661330975
-198.1220377681821
56.46662163612065
-145.37246807883903
-28.74284038460125
381.9315394322156
-377.2763512623438
120.0026178632517
-173.44310752294842
162.26150519147325
146.3370366928475
-401.5803849535533
251.54142066513833
-143.4843456159257
273.1679192266378
-92.20187393182199
-249.8452712471227
358.19907136048295
-145.068156537009
237.48453725656256
-310.01858762018026
-26.145018936963655
304.9888237918821
-230.18067216910754
153.13785339482743
-382.9550557053318
241.43511530645918
150.47352599673778
-258.24029474322066
125.30080959442115
-263.5997909753479
444.9626944431225
-91.15397180190466
-197.44679183628344
128.1647768021612
-110.92582961426459
435.4737760285796
-374.41630758259834
-68.91837273717589
121.3770566944629
-2.7458970999687127
258.839089595091
-539.1151116831605
166.50860736077573
104.2002467560943
60.573555971626604
40.93482528807137
-466.5690807792342
431.80903962085574
22.806146890055714
54.05808096812581
-152.13636153392082
-246.10935554352372
545.1655429466455
-191.2504933008661
-2.9014439065687077
-273.3085022109691
34.76787091044686
454.4214524057524
-384.43050140111023
8.158803094869008
-227.15771858780838
333.27113358627196
223.070717060361
-454.6011429598045
122.75308093761821
-102.94323206428186
452.22969015025706
-114.0042268851007
-396.0628867580081
234.40658469581203
-37.31099364330396
382.9245432818417
-436.65676800646673
-187.48907996454363
306.5963447478285
-4.404276029716987
206.49459492272047
-570.6220853680906
182.77363225351425
283.89373772091324
-34.997546115296544
19.476577379951696
-472.99115558966577
479.4864705596332
91.47940619824702
-103.60827892044293
-135.04492832641566
-264.6032607903739
576.8481197866831
-200.07786429529435
-122.67503678832158
-160.7321361583557
19.76636652888471
504.48184392897815
-419.01680453928105
4.8030939372193355
-89.69206768658256
256.03413511535126
263.1178674455632
-510.37274705948704
165.14314232183776
-50.05817739410912
327.55378379116223
-83.83508756617043
-439.11364331001494
312.1325940300695
-82.82579101495097
262.5540556699104
-345.0358323702819
-172.49593780040075
379.4210502765442
-122.39949757438914
190.49256252215267
-408.4932130024844
167.08990612929955
299.2401593551514
-191.26887811469115
116.82606804479094
-378.46510684236483
382.21461193014153
33.21106806430312
-215.26896013481556
51.799062176340186
-238.61198385522079
453.32595216433435
-237.61594991448217
-111.66376517041152
79.97207232235824
-64.56403969223395
381.89434628233494
-409.4411058435478
112.86275893669513
72.29528525689582
29.47662241524041
178.68997766674082
-452.1552633751264
303.39573767396905
-50.00201491736714
37.11675222976683
-31.028880054848226
-319.2865026586317
435.6722970672618
-191.47622969248283
75.26893314575518
-142.66204758887602
-47.5418097268782
417.490848518981
-325.29788314262765
142.27460530641184
-159.3389153560318
175.73189872207726
197.2736474489155
-408.6388734711612
198.7175833025682
-168.1391247149329
259.9768270041363
-103.57469325444904
-345.1645307905792
316.9138070764429
-130.7762294507387
270.3531790628528
-309.88665731818315
-79.41066051982651
354.8311210456303
-131.87172693607172
190.07724258569903
-419.70476726203674
222.487713116504
240.52356540074848
-206.36971269108466
53.498485410640455
-366.9191803447366
439.1551711923477
-12.516776629941646
-224.7613612926449
4.319130097392934
-169.82349826041386
537.9642516460624
-271.7970045735113
-134.0790337317491
45.83848467739137
56.711995307596446
434.4633242620854
-506.59861711359997
29.15320689530531
52.78844363356447
154.29482659139404
123.97319519819858
-585.301329173516
259.21506706313136
39.608295241735526
176.33780471676602
-154.5073241999253
-421.459301129742
488.3719662977493
-23.588288355606032
131.58048953262136
-318.16674161342013
-104.34651446507849
529.6060886901562
-197.8875340871009
23.604632032494344
-382.6677514852794
218.9475655128758
348.7595260228592
-353.1293026893409
8.35141897271437
-290.49207986059514
461.4858168569685
65.38451842586782
-385.18461956191646
91.00797016079144
-102.82476269923569
539.6618629343769
-257.8953381247985
-248.39087756051666
165.6411889591375
19.931835960210194
380.4027933020635
-528.9733999697415
-11.111700998432461
177.61298872916538
56.94488145730322
137.07519006905574
-581.5686932201787
282.2577258399748
126.9952390109639
56.269261509081225
-49.14627812462769
-400.832502516495
511.8488102368975
-46.776543818395275
28.120165678523314
-198.5301795824713
-138.2884281071586
511.5161586847401
-285.6939298124418
7.366930893932965
-240.98383536995115
122.93081430684146
337.20226696340234
-415.90764359667816
111.9064998706287
-172.57251951826944
322.2905125608021
77.3086364676924
-376.9105028869114
240.12282234695556
-118.87942753605569
360.890111333169
-230.1195388234733
-226.22721355487482
278.78778799348527
-147.67611838033264
261.12783779225595
-406.5837429716363
44.29700180480039
236.23505142699898
-165.1187656717954
174.25351259226895
-384.53653291644815
337.54634062918734
73.05779074497343
-134.00947122366765
108.53937837550777
-261.1431026324122
444.670500314715
-195.7395944987469
-105.77165802843034
46.98188030465204
-129.8033478996017
375.80633752673975
-416.80951525216994
65.10826576705142
41.62226609249465
13.750617362075909
219.9482274002428
-452.2501367866161
303.9954176735766
1.5043353734192073
90.00306978603795
-7.970011284867063
-342.4152032315809
447.42652548980334
-151.75554481058302
49.12081716788079
-199.94536433325368
-130.5157508895378
425.46245056885505
-317.25046144140254
75.83492675483029
-225.7403439402001
176.72465437882354
296.8247509723606
-400.4638245015814
149.48491023493239
-155.45555383513397
367.96533969398274
-1.1261374791463732
-389.642819701378
232.8178785721434
-102.14838602972128
365.3016517466852
-329.45862359863384
-238.08657522508528
295.96259573468376
-65.82389534371288
248.2843912213725
-501.4127779541609
85.90899593049753
313.27842095585197
-73.06352121590511
94.9939672369154
-481.9703823193043
405.26804338643456
155.25174181960983
-147.56139400242893
-70.67022300880973
-323.8703092119417
559.5353921904344
-133.814505696733
-162.2399319941711
-133.18412158953583
-42.36594348737013
553.7385145207468
-373.67112614587944
-64.1559916328857
-75.07415445323889
216.2306404475464
352.0643282251573
-539.1217215472731
107.80691574236567
-16.663917792266524
312.9106971040255
-8.116229535997658
-537.3726972712842
292.53067183379824
-24.39857980066782
269.7054579729577
-318.28451722622697
-291.026459558101
436.8916568493214
-56.37617420755469
182.09841253700407
-439.9595648702469
54.88842777930419
428.2836140655513
-164.45407066760805
77.50283352028109
-444.12702061263525
358.7062283985301
194.71040666943944
-266.706161276644
-12.591580753292407
-296.6554279787805
508.4127937972328
-114.95140269431315
-233.33165236441133
30.84560351531855
-73.86642925690182
525.6095974234205
-360.01670608575154
-61.68531624025467
58.25465182428049
67.5670785804113
307.7319428171972
-522.9106582341103
151.10467293171968
20.385016541026364
109.37354702534361
44.69500177928019
-485.9326464993696
356.44944639182614
-44.6988247119868
122.8128418101062
-148.20234200874037
-234.8230122093299
472.1375450892553
-184.57969339193963
131.6065666014267
-231.95955895558643
41.92071492722793
362.9323771503165
-328.09223841046474
126.32558377369362
-256.8294763360712
240.39854604991086
112.22114763948187
-353.8569553060555
198.1400530407325
-202.61902854136167
340.22626041203745
-138.7712476586661
-208.0748995514461
276.9637304747654
-141.20956489100737
319.6964567043877
-349.4218235306923
35.78213791067248
225.9233609545245
-155.15963097094735
178.65922882646862
-424.80229344289637
275.7139998635264
65.91403012283409
-174.20082481440176
82.8382920466717
-301.97999802968644
454.5336658984905
-138.74374747884605
-106.71633182147013
56.92846245935663
-95.1048613907698
451.7250996780919
-376.37312503667823
13.979822421047656
31.812373161017536
47.51722391394937
244.13252676258827
-517.7084450188104
193.2531298232926
0.9087476157416146
137.0313421969243
-3.7321182764725207
-441.3366495355439
404.68685543810943
-47.805088973336495
144.88992790753065
-212.48816606117936
-190.1896424493929
497.69764653576345
-188.6337029641641
75.83690346215154
-328.58200759474835
100.95048279802708
395.96195628715026
-341.838813355902
41.7009005580969
-300.2031745507409
374.5770701452922
152.61089655390455
-396.9453728643556
107.74542174971954
-142.80444663844023
505.916046009198
-172.11500654594698
-322.2576394517952
179.43509626043576
-15.262370411881287
401.82083822550834
-486.72206288555293
-110.25859434308109
218.47169527890358
30.462822190541836
191.42780964378292
-600.6100616221053
219.04781630834086
198.7360170116452
40.821449616011904
-12.378043266690236
-469.6094996225608
504.8287705025017
43.62966909354456
-14.852316011862069
-197.51633385039864
-227.4823247553379
583.5783152134733
-216.30195515547857
-58.844620305657855
-246.5613289814524
73.34204382439482
465.3842878625651
-412.7360454335205
21.624260211504158
-167.28430307830817
342.2101945175307
203.3009001505424
-472.876268856378
173.51944188083684
-72.77417283944719
404.96432471310084
-149.10050410068555
-384.3105285919496
271.90072269003184
-68.67994124563259
319.9357454862015
-424.3626130958136
-133.65348846810144
320.69570607622035
-79.42521838150022
189.15530273116607
-491.37875762546963
226.43844390947794
231.26357410288992
-117.74540553044086
68.01683304947368
-388.58066902067793
453.50505829569045
-8.976188887909412
-145.58714630094696
-36.18182563155764
-221.41371146776407
480.3666823749743
-277.61119641328355
-60.26272096056849
-35.21807855399463
-2.760457999985671
385.60523402688307
-425.6188335182327
133.9783555349184
-18.402049063313257
140.21156691599055
164.37184915172594
-451.56601875769326
320.26408668059855
-87.10682811857075
148.3599403849123
-107.63667192286556
-303.6562244732143
386.2678586586836
-198.79128519349828
145.6086494106809
-224.15818813507707
-19.764536047562427
369.78712461174825
-284.2271452120998
169.59541329999865
-242.5624600286783
240.5261048313084
169.14385235420013
-341.1585151499299
183.79284359588917
-213.22068308523657
341.8871234091852
-140.93733387246976
-260.34398163150735
225.06693598255157
-148.13115893530392
310.12491023478395
-364.8073675047186
-25.137903287663395
264.699714137582
-85.44646604278167
216.6086999475591
-433.2176238268023
264.489210681448
164.86242785787982
-123.25878327235245
50.7765911900736
-387.8293808258951
456.31401086460744
-75.23455077748837
-145.73086503460573
-64.8890788669779
-169.13505103597078
525.4067437549837
-303.94928545840656
-63.471800240309946
-34.36584743040372
96.45373417990528
407.24385509027604
-482.79906509300315
88.85534400218579
-27.034162869575965
226.17390577485745
99.92633762045362
-551.1186630323883
268.54520733013686
-26.43078428677445
244.61579820856545
-224.2591118173424
-363.60926092047845
439.01379188595683
-48.39656881538915
189.83349658576273
-388.1257097763457
-30.763892863810753
479.2134985083884
-170.1487483857739
67.48478209647953
-434.02336606462126
288.5500572658699
287.7427043133308
-303.4890263308696
-11.608413298265557
-328.9974465512237
512.618504106382
-14.383611337603394
-316.6957341508404
27.36500403457163
-90.42268490641708
562.4153703475362
-310.22205847349875
-184.46702836330974
98.56226252682191
70.45619627719529
386.7905168281986
-558.3001661336781
33.707101846182226
111.51124196643201
138.4035728711157
105.50243079068329
-583.6134437713775
301.8120977168933
61.14151088671725
140.61136491328668
-138.35040615421659
-377.8069869533344
505.6766936677178
-59.763796022871645
80.95643187665962
-286.25620771509045
-79.47181035562049
503.1311946358962
-264.0417539195819
40.96226751748659
-318.6661544142223
196.3090760123541
294.91243484025046
-397.4768245841383
84.6217449125778
-231.00516468028013
407.0086142544486
10.474743080650038
-335.4586143679405
189.5609988188165
-117.03648689721531
429.85927073869516
-275.3351018891286
-165.1018116789637
213.71043859580166
-92.42159389217693
300.9963618308015
-459.05706984924575
77.17903287855722
162.26310188159894
-78.43490283662145
141.30173599516948
-437.8496168666122
351.37098404376957
26.679767570871867
-55.28254414403123
35.358361943139684
-267.9963250411281
475.00900627200866
-194.7679242456796
-9.509243761259148
-53.867484188584854
-86.56776773912901
378.50462306973986
-402.1203932731907
92.89739835657106
-67.14262513572568
82.04491036700311
187.40290437263755
-443.6541209794037
290.65061600323685
-77.62689557189614
175.12355023572985
-45.94124267956493
-313.52436321992263
405.62571717961725
-160.05820926276982
158.72142935013375
-242.6354929876317
-76.00115577220348
378.0650248354781
-285.2984442849579
115.09361631594777
-315.8399510564325
215.69354916224395
221.8616695866124
-336.3473048317885
140.0636331052292
-211.92046126721812
415.3745102285891
-43.510528625499134
-299.8443303256732
191.5201812771694
-108.86100112477655
410.8785998861582
-343.14626054111807
-157.0852411805634
205.64483792971578
-50.64606054047415
262.03399417400203
-531.8709578135619
121.01353867255528
200.78304373967273
-3.429720913989938
80.90522604530362
-488.43548723342
427.2463091685792
84.0513589259974
-41.46091336873075
-110.16235088229773
-294.28080625276647
561.8360866782424
-171.81347751366235
-77.46041684774272
-207.6668808399655
-4.924160598442182
508.69317029441913
-392.23926475355245
-20.32847321302998
-154.95928754510652
270.8998237528361
295.24078872801124
-506.0852892464406
140.21311587585691
-68.16940354126749
386.2286367605963
-54.73467893449072
-472.5972013061513
260.9673912707016
-33.15716873289902
330.7257880328906
-397.3274542689287
-245.6895227881187
375.2681207941647
-38.75174894887689
209.5216175114871
-511.13035595998656
131.58775398497593
359.87362551783866
-104.69825760278506
50.61269491001929
-462.56324727104845
415.3776777052029
146.07455543122705
-198.88012746787612
-69.68514583309843
-291.8019864704017
561.670137432266
-172.26798431246476
-183.9197551961816
-69.5750365571795
-36.681457107456524
524.4285202034281
-411.3275287489241
-20.033375944160756
-8.69973290059674
167.10229264549363
300.8981732870903
-533.4900049963119
175.99017787395218
-21.682913704778297
218.37069217422123
-25.42337170669838
-468.3824874319136
345.99279659374463
-85.03085408982692
196.68200471640083
-245.17892359630602
-208.62358563515502
433.4736049471063
-149.10062211369447
170.68198066412526
-319.85473224979563
102.23491767445546
329.87152332090113
-268.38951530778314
121.48884443847581
-312.18268274628855
314.07026282259835
72.26214990565404
-303.19765756118414
127.48497012984821
-227.79716367731794
409.071539401322
-194.21945524062656
-158.0985302632096
178.537223822466
-110.8272679926913
362.96924469312694
-380.9601141485031
77.4500988056626
148.5598785825252
-73.35659302334425
186.64502874939777
-445.5552440853805
290.7294727037384
3.546369981311085
-70.85759847963189
29.25703142202569
-321.38305354944185
451.058042461776
-171.78884402790348
-6.679309830692617
-29.747111898493742
-73.58399011658828
447.39048633008963
-367.00570538743244
85.71898634469125
-57.08733125383059
101.23846642391035
222.17563623033985
-482.2565978093134
211.31380834872581
-84.26452897089061
195.3045623821976
-51.148849468843835
-391.3843112153205
373.9641861065228
-79.60407411027782
221.9719383185125
-260.97613761358616
-130.8897905488943
440.7888583903487
-172.25767599610182
138.6273894842106
-380.3355940577386
151.81373963272407
314.5486914466833
-294.533693391789
49.71268672114836
-346.7399091467927
414.11254547402837
69.53247101511968
-316.1559525118465
54.71226591263843
-149.30977302673855
544.5131533731617
-226.06794927362992
-218.2344705412121
124.41933111487972
11.621498489028301
428.5444397258405
-502.78235091300877
-31.46522453651475
143.60736556136968
90.01852687317546
165.70272501134198
-610.6747072789511
244.52461074709677
115.90432222022773
116.35636333269237
-79.27042164383477
-455.91261144125
509.3013447329233
7.413113458522803
48.27363079678899
-257.7921200800127
-172.09628913954472
569.1358524456673
-220.73116518781825
-17.014357460590627
-328.16422159491475
136.8821564484439
411.63601963244776
-402.25968187769973
19.496348163108998
-235.64395129428036
405.94178681232535
135.17127361317466
-422.0868546775634
133.10542362215173
-86.91097737944116
482.69386810296413
-201.83993337244763
-315.67469884622943
218.6671398097954
-30.247967161048674
361.6447290592965
-484.87039543111484
-74.37710653825506
248.30067943911575
-20.49035728724691
168.79655642326335
-535.6598040077681
259.45251708499353
189.76464831147968
-21.71695956325182
10.220779912680335
-404.15052571574364
489.96209778204087
-32.884421472230876
-56.061922542396935
-115.5961561078921
-183.8090667839853
511.32273788352325
-296.1602981978781
-23.977277211092435
-143.5892433371019
44.70493982318966
376.1217004066418
-426.062239576608
135.87031384223576
-100.85559737328416
238.2275556374098
124.42358978658335
-412.6881257735042
291.27272426332155
-112.7744004790729
247.45632003315714
-164.9181587664916
-266.48701125879194
346.32066041845906
-191.07468420309252
203.38837003216452
-325.2872077675769
14.677370490838793
308.9679217459459
-235.08510677414435
178.4855993791176
-313.99564516788405
291.4650927401483
125.63042834313786
-240.49175370499856
156.6382588310657
-244.71896931467506
395.15159566732274
-179.0993414533045
-194.53249405079015
141.39660155016534
-148.96767214958345
351.4724472678079
-394.40835199424555
18.408306955841635
152.198244606071
-42.554890492444514
220.76346407889005
-463.3272682290681
297.3735107042685
80.57715866426642
-32.23444929720093
23.95243737040273
-368.32999874244496
454.160739343016
-115.71282003971324
-47.6979832444744
-124.06451101096947
-149.75929060772782
486.26540453505726
-320.9674141786609
12.807455814062504
-128.64720352992308
133.3792531612638
356.4121993043074
-450.1699001862935
131.2099101807527
-86.79058587520105
305.94945397434157
57.42835370994185
-479.73919820743566
242.39267007920844
-71.68854255201336
306.9417275480163
-277.436195592065
-309.0734641478724
362.0109255470164
-64.08306862043355
225.9256910937159
-458.342046124998
28.76015842034122
395.7253603951992
-114.02231389033368
95.04233511272378
-459.2116444588713
355.76482570528555
214.4499420223196
-231.2291056126825
-35.021042847285855
-329.12991919309
540.8975637680821
-74.51049611966951
-251.37955409745268
-62.090430808725465
-85.4763134567416
569.4131923885425
-358.55487211804444
-116.02473072229263
14.544927836463287
