35.121726818316205
102.34797603188754
-447.9389748977569
-188.19126921598536
404.47062721634825
98.32228077886674
23.808808171440212
99.34763357283408
-396.7851012667369
-291.2552093866267
332.5577200289543
110.63625064897865
48.73543950981325
363.3039362038674
-186.12187557010228
-556.6434072471418
65.36591312959634
163.57164597210766
5.492843902756807
324.000797453828
11.126667537135909
-430.98437516178325
-14.4266398135092
88.49946033146874
-81.25506853197999
399.63386722210714
286.9882518282043
-473.18664119191806
-264.7784750082736
75.24842918069565
-148.15035853141026
210.78295862386526
435.23833537401947
-153.59894383094863
-207.56524258927612
-4.1851393939342705
-290.9383072605631
77.02141703340666
554.1330708994113
-46.12076452807162
-315.3588061770173
29.88424981017005
-233.66305288207997
-172.91658457587505
460.5042704328452
258.3215484012194
-116.00626040389565
39.745517071820046
-286.89967499866407
-369.47983058179193
336.83790441603355
293.24640467277055
-153.63988229400746
123.89822559563838
-40.55082497965766
-481.97975553367263
62.301650859004155
409.24616086731163
49.008739700782904
135.17276613823475
-3.3313442027531384
-514.1576032706749
-130.68452945114288
294.31083762288705
-16.170199526485924
176.14403142228323
343.78408831775573
-354.841791273889
-373.03384588127784
195.9497878661563
66.85756461265262
86.02303319513801
329.7827546713106
-203.59561729057575
-410.43534230099186
53.8276465465122
-41.5801659329011
13.741443800624275
544.3552173313566
114.50902869315318
-474.5950210668277
-83.57245488861719
-7.001113188841634
-154.63736758681245
338.54635828724696
274.76684793638185
-277.2115505820768
-94.20771840542487
-72.22142167614683
-277.42572625062974
324.86290568113003
504.0890307003231
-196.03901876164164
-189.55482689995816
2.0462142121833877
-369.74399497761254
-42.573411292957054
470.782577316849
83.5009994809815
-46.95393869611599
43.93822220799805
-382.85810402936374
-175.8966904277748
465.7383957210073
121.8375202159456
-118.53996172154508
167.33956525042854
-263.59638594129297
-464.88456974753024
220.7797853045819
296.3911818599699
55.074718786294774
245.6800152292468
-133.3778551317107
-497.2069041304152
59.58126380982373
201.8562354980598
-94.01617076132928
292.2930754940495
168.5462722380455
-510.17819661581353
-203.574129690932
238.6685586793609
38.47000797524417
244.39254204454252
296.45281933608464
-346.8125227971237
-285.3465368388566
57.73264536920618
-171.27582428351974
136.19202540422464
535.253784213381
-123.8404664900605
-388.930848688949
53.65784257334315
-88.11260707291005
-29.581744226462533
443.5898588817903
92.49726230693702
-300.62643391986103
-42.921783170413036
-232.8385895599231
-227.39076688588867
493.2516112469016
354.7218050927459
-241.82740944075778
-17.711675907987964
-67.70312266506862
-383.8208654683991
157.3781651695413
388.70637351582303
-68.73427784590383
15.556816107660456
-58.68947727598849
-470.0771899540193
47.151450524354736
487.44804788866765
12.078525130664987
24.400776524763934
152.11568123951892
-431.96882401179164
-342.8217079165937
290.72523774649756
141.09572363191256
90.69015894789013
239.17462172792605
-296.1228955566547
-373.89920168462527
246.4533497381112
94.50179747864627
-15.452746444184132
391.0681699763635
-45.12135345696498
-566.9168889213554
-56.32419239641253
135.14959616786757
18.760349275329858
381.9217775677814
168.06220841022557
-399.6930037898878
-103.06234709572408
26.744451991372994
-203.01611904925008
316.9440031604544
412.82281509048744
-334.94013741394997
-284.8338777009171
50.0159593967548
-166.0424693226247
150.48983702049227
493.8315180916076
-49.40252542799315
-190.5490302060901
-15.012977276892876
-364.4170019880509
-104.01193440572952
547.681104728404
118.36925617053367
-233.66240522615897
74.79113357699562
-196.41138216406253
-278.61062635976594
348.7087120537007
297.67499652691686
-82.6131836811313
65.89299209947714
-258.71269861729627
-490.8660254225987
217.79438834016534
378.8858308096489
-66.05638854195006
168.01297183683147
78.01448572173894
-496.55266036838884
-120.97101633311671
310.9042913387344
44.20686300565977
165.01811061682668
129.37105181960052
-475.4439037608233
-216.78838045574912
277.43528087419185
6.881265350933838
150.7771098296979
423.67415619259305
-233.2000634955684
-474.6747157313979
56.32352528783049
6.559544136627685
54.303476549482866
412.00587540325256
-51.92369323455785
-377.8905295152151
49.91711140723676
-61.08895877605678
-114.15131999543149
492.8876329851074
242.83471792542383
-431.4551075205479
-158.30466506138944
-55.66406951136387
-220.3114486131243
300.03933813195874
381.49622525890214
-159.15861007887472
-53.583148841582336
-51.5388378986469
-400.64389276459843
147.47405771787234
516.4926782571412
-88.72714739402268
-174.51434684566925
20.81035617437086
-344.20767923278225
-136.33764060120507
437.8460317149175
178.2489759621692
14.45317250904209
119.0472177042437
-400.0521060544849
-360.7119496538763
342.3190511630219
184.58556894430959
-85.4912935923393
238.90418599223975
-114.01690192718475
-481.77471656421693
99.14591586803907
270.34557696847867
50.6412102941557
290.3247144647404
-28.50134747066337
-543.7816627244895
-59.2032795423328
180.58939584525498
-95.67124296022095
291.4882629290399
343.5243652445078
-389.88614768329427
-279.11122476802586
122.14182244333931
-48.99668652631111
197.11415773115064
369.12537350325283
-264.1654835968309
-310.38521538356594
55.148768670950915
-194.10735029279368
40.707727028464525
595.3332657659436
58.58418227593614
-371.04838542450415
-28.00256696436439
-160.83078886662238
-157.0089380643519
401.4704159407554
194.99753825896843
-211.90733940589342
15.922669173540438
-184.0046123444897
-333.5195357605622
373.4930300766808
433.54329578192136
-173.28507837616198
-40.13739780828129
-54.71040040599955
-448.61601984476306
17.994620014346502
395.57909240366956
32.57338639309664
113.66218123903332
57.85454466599801
-479.5571758113984
-129.47387952845133
439.8859575096198
43.518764107900864
9.07570984091403
220.53153455824096
-348.3086243666868
-419.2105984107466
200.1997705516587
153.03419318643336
131.5540131540862
350.53541441660593
-195.34876524531148
-461.56643811445866
102.67010354523804
67.47255502896047
-85.3658122632911
404.42768563995236
121.46824302824808
-481.9980008346483
-130.4769524859606
92.30291953878601
-24.081390035312754
374.76929253224546
260.1524393242863
-372.3970342219443
-180.50403898284088
-22.85800212492776
-295.6591746880132
218.0592453981686
529.8056506432471
-144.9017900174585
-261.32022806960833
25.9156647893349
-224.09119184272808
26.283004761960054
470.26119046609074
12.60376170293226
-174.20519822055977
22.140640075812954
-372.3577055764805
-231.27617568470308
509.7250964900835
263.25935248338357
-153.7780808478318
90.1588200876163
-177.50360727522545
-402.29264271961165
199.9213920942813
281.7480523544211
-44.16872302188698
164.71373042024658
-129.33842497987823
-526.7557225101606
102.65243701153794
378.97799289725873
-18.668796329651258
176.04213855495527
153.64139019676793
-482.08917111709104
-257.43377137632723
204.15532036900714
40.58941480526768
217.32614710013192
295.88527113331486
-375.3067709018323
-311.394190714488
217.32847980571697
-27.614872099291155
59.51603833853201
452.7048756617039
-114.79043461331106
-484.0197007795904
-36.27634633628134
-32.25090939147286
20.742089141676754
473.9137428361195
101.6626621781108
-354.45361015424896
6.325703802418637
-102.87447083213345
-254.57980532290122
388.0228086392786
369.3182452627747
-315.0726135317924
-158.55596556745445
-49.572651390742976
-253.51402555231417
224.20465178362932
447.46229596215204
-75.89450672174473
-37.71231580491078
-31.947228132478912
-485.1736787111357
-63.43973963358978
512.70281157999
51.844697282214014
-98.35488968404714
106.58809606418674
-299.91890126552386
-235.646835345078
350.9031010673787
161.8233614391835
14.63383283981039
185.27409304244304
-336.402530501712
-485.88562672638096
233.33754237234058
239.06453819370668
-25.18073007381598
301.0799552177842
12.01359983284988
-480.57421632692683
-49.90043981942534
172.19026310282587
3.567255597284415
313.2168393566106
103.43166425023352
-504.0194180573552
-138.40791776196176
186.46292256410828
-101.45426658453167
263.83876238796313
445.46633881634284
-271.0232695736934
-351.9122106846402
16.104535075875454
-128.76846946136465
130.38022158933222
444.58006389348606
-123.32080194329295
-275.467198685347
69.63674701496174
-206.5397282920417
-98.9362546810456
557.4955276185278
184.10088941802283
-322.2864328643292
-78.51204334186569
-187.71186322706575
-247.18053813421344
359.00374204505533
307.21389002731894
-125.54187516822226
82.33264168883231
-126.6394003472406
-470.2460905546539
193.31626140333276
449.4315991371857
-99.85538095667165
-14.949298322251899
4.265078018503198
-442.58936001806245
-77.22631271928537
377.7853062543409
94.35774212400904
164.33584593687553
164.0246195882619
-478.92112716815296
-312.8448783319751
319.41593492673337
71.95802373756187
9.544966126168601
311.0931390594182
-208.50357049700634
-438.9610472826963
111.22874020543694
110.3165559431055
96.13161379083512
406.0849433469564
-92.89309920986564
-517.9218398357
2.616477861775545
48.08349335772256
-122.63369485739396
411.8376231394639
303.7545299667442
-374.3767446461092
-178.90257287345952
17.255742613782353
-140.49519581420074
306.66632076755144
345.00929500707446
-293.91834177583723
-183.06791860484734
-0.7806003177261083
-332.51174772086443
100.66059061665354
583.9808627481365
17.23756338374445
-234.51906250044837
-10.947391233883813
-298.61417776488884
-120.98567304460965
421.1291743038039
101.05485820448442
-120.5691769870234
115.39786623228679
-296.349182492758
-357.70262995124597
411.39542154587525
334.7351438906537
-100.6458847604801
92.40166905218261
-149.2542064674175
-475.13011322257444
76.28062697840585
278.1846363426618
21.589154197382896
260.7453488186323
34.414395540273496
-531.0186565156927
-57.52806569578221
342.6238393758325
-21.84855934077394
140.2424353706523
239.23517546535209
-394.1562491515624
-324.1590848312881
135.63366628737094
14.594554676038683
229.64782262584615
421.75394813400163
-259.64843812555193
-384.28375355459684
112.35968627843442
-94.15720840237438
-46.73434832726885
469.35442600447
54.48239357859028
-421.8917569222029
-61.62917414945001
-77.15960875473449
-63.64183304606094
473.72474915453813
223.95296832867987
-317.89185998661935
-54.977779665700744
-116.01113883248132
-379.07406767201655
283.47217519263165
469.38521354555576
-143.6505963108692
-108.85819615897091
-32.647210817831194
-322.9362028629303
94.76672196970391
436.73209838452954
-31.814608437951232
-32.047808127550866
49.615396970498104
-485.00933755519407
-214.12178980667125
507.21288240978083
177.43012864269986
-31.990740787015596
161.1736548523878
-275.61274814984966
-368.6436644984923
221.77951959114768
144.84624297028677
32.123404878690025
291.09234023415917
-196.67143064917917
-533.7527737046723
135.6560693734865
261.1485245611002
-16.98271520470631
314.96284901025683
114.28982749546945
-487.55257950632733
-177.3370350253961
89.95191327129727
-53.812016922143854
349.0943628274153
282.85576960559075
-405.6968753586683
-217.6616301586211
148.21568009612585
-151.9431944067886
150.10391094172692
492.7719580210332
-152.61737496635934
-359.7695318973814
-42.350361771663636
-189.80101310709227
57.64889555116488
534.4929374164597
31.08499142837696
-249.00455257506394
63.21892524917828
-235.60684482839002
-273.6989501394344
439.51742739575866
289.7396121917874
-235.3778349012955
-53.743557718021734
-160.33221836647598
-315.55629265797535
300.6525433398507
366.5850281408351
-73.87721836747762
104.93941518365739
-73.38394808617026
-553.9819357549965
-6.381257805638879
441.99667270201087
0.05864514038610835
48.41178144530712
99.66338523480587
-391.36345928993563
-177.7322241510854
308.48142884524935
64.68141984015284
151.37979076932223
264.2242098217524
-415.06731603558427
-449.9710028380312
221.74472635444704
103.04714090304569
30.317191287005056
394.54844627073663
-51.5199120492839
-433.7305339049685
-6.767805011909781
21.975544362262458
-7.7283625653641765
432.2811398772284
66.80836447913441
-487.83340937487145
-69.54518634451658
60.88946774130244
-172.30994125011836
360.2430158756705
406.39489824121256
-269.5626894025362
-225.71759887127104
-68.1093649957429
-251.00747796621923
214.40755278094917
452.01067578145444
-155.84001724376924
-154.31150692382585
64.95720532760379
-333.57126827995387
-53.40274148119708
554.132696208548
116.42974677129772
-196.5372822638939
-30.28398308481695
-332.05427588633967
-245.87992741873288
390.46954749482427
190.9976029268238
-50.20600569787775
215.03439446633965
-222.96776655835671
-483.9336621317895
224.41739724021332
341.73554345085756
-64.91465003237005
130.1654066051368
-63.73322156365643
-481.8091528430907
-10.907346274938467
263.361441493919
28.136355712517652
312.84152079068855
179.28922181763187
-534.7587624902566
-244.6459125355621
258.286647537715
-31.928335965110136
117.95867659832336
346.0252728603355
-256.08760022062114
-336.4206209701074
84.57642575025703
-46.41414597914208
158.28523140549876
491.0293936875124
-142.38682989570725
-446.03783764258816
29.524090117236305
-101.57316258630306
-122.32797426878949
467.9623521171365
231.13953035953983
-307.0469805846223
-71.89435756957118
-120.84060505045555
-184.14885328722423
392.0297909263413
300.775493243191
-281.45738721985214
-46.34300207301939
-66.76025044140718
-428.2637871135717
155.33305798611664
525.3511469869115
-3.5269131740880804
-68.40104365933702
-21.07896318840936
-402.013042242389
-64.79760257680569
399.1068946917112
15.651589653206697
9.070647088060403
158.74692719296328
-403.83183299112704
-334.4222252561785
397.4896840879362
222.09003960685612
-2.7241227366426246
202.8361100055291
-232.18722606165628
-456.686474461955
111.63922400660006
130.5315164273413
30.69652579210409
413.35819370552997
-15.22323085402409
-542.928038451071
-7.618767952850124
217.16599235723262
-68.47877482455358
261.106971833003
206.1472242344791
-415.58012442807546
-226.1926508444234
31.99657160636107
-106.37991385241008
330.8413762260078
438.97154237502036
-288.92440456975993
-275.33901139315583
86.56897369222631
-222.69460751694237
20.093578329957033
495.1551923723944
5.361659375896782
-298.9660288814
-31.98228116316129
-229.0068669884277
-48.734726296934674
527.2882337844411
146.36585923137946
-242.06266742176942
60.12729407142097
-236.2988026673768
-408.5739567032188
329.87039763600825
385.88468078049044
-110.37854341743277
32.042246554002325
-113.34435023624648
-404.5682590478931
166.00267018159175
354.72008046253256
-59.25942211657223
129.68775415654778
33.79256868611898
-560.0951057238476
-156.81441953933748
406.54897874573567
88.58157700243011
112.49678909601586
195.6709411590194
-352.43137110536304
-301.02670331683515
191.99533851180868
8.976052483421393
114.56254570709189
368.9649724996652
-271.26078388749096
-489.7217703811825
140.9902078583459
116.74533188785672
0.3773829051591502
418.4922792093089
63.239544996502104
-432.22269228378303
-94.59892002219924
-70.18878408462547
-98.16242737798446
444.0562294354089
254.2902200715475
-398.20919646565136
-95.32111451130956
57.50047106277023
-244.0874046080399
235.8626046534104
457.3400832915652
-166.17381428123977
-224.7266916763519
-79.98104774450867
-333.0520202933544
124.13700872068593
521.0073656250307
-28.259561512348885
-120.70044107023848
102.25485746761026
-341.86160911843194
-236.97817841803123
451.85833292033266
196.05159588903157
-126.01562592877022
45.15487431898407
-288.1944091690354
-320.12881791224396
330.0407838368498
244.80322515852146
-31.953910456350943
256.08825043000775
-124.67892046884388
-580.1805459459747
43.21163694444856
313.70869205412026
-12.273672304400954
197.22084603018968
74.99595714509573
-441.33682908224165
-97.61708864455784
217.08894161646288
-28.872977733154695
280.8903600220075
298.71430775803856
-461.36927273308163
-355.0825808825106
172.5549858110016
-31.50320639852439
109.95580628026478
445.25693761373225
-99.25844371639305
-340.53709043427386
8.204472993150533
-141.41348528040376
29.387436186165296
517.8633534983655
2.449611892408273
-425.70770328586053
4.511278349240888
-83.42970997332117
-181.42613504304887
433.6280336880353
351.48500058190575
-208.41044958993825
-90.37359888559592
-176.7321174238163
-337.6377296740075
286.75950900860204
381.0050267907571
-176.740333545214
-12.464298287695305
28.190842330022363
-436.34668498618294
4.705125243877763
504.3672193271799
78.15780215308807
-45.05230924123293
17.470929433706992
-437.05633371059156
-197.36171803915158
368.396323332112
83.96590362116575
51.377459334362726
295.6361266938264
-296.8112040330335
-453.4733839611783
243.85520939371236
209.9208505154692
-3.1244426463934505
243.02050631293926
-136.00537292426634
-474.79412078295314
47.24635008685917
120.41865238441278
-3.421704614108214
446.05506631684796
153.93437095844928
-543.0784987402253
-154.22715328029335
124.37726016965424
-114.70201932171689
234.69721615716458
321.23563529063443
-284.89962994271843
-229.83034707645152
19.1396613871885
-178.13221043790708
242.52107188388848
527.7958041528108
-182.7696522572679
-332.0361647802118
42.0711949661359
-254.23413400154433
-86.66724289472441
495.95078949300046
163.16875893064255
-187.58148063368242
-5.0562595941797746
-259.34280721458293
-199.33487669459907
454.488622415859
219.09652260407515
-214.98796851905243
66.86173871668855
-165.69784555933387
-462.2401374058346
200.2277339527768
442.68620813790716
10.788489374215205
90.30209132386233
-66.49338420460693
-480.9922192053918
0.39130615652528
320.642255472357
-54.04001623444868
159.15715279750512
190.4539080824921
-485.7368443825536
-274.0812418767457
335.9230492289331
111.31067411321838
124.97873817701354
273.2266907671748
-302.8596682372876
-390.73274487553437
109.38381389974757
-31.15175369667014
75.64437678998141
500.9891329198794
-67.24583060966415
-496.52949390314996
36.886799773429715
70.68376711055802
-59.580213643823804
375.97422655400857
157.46562924186858
-381.1549296993048
-126.90815589041497
-84.65999853364934
-192.69974209381598
422.27236969123476
420.79364590805415
-286.5405449976666
-143.77268075592036
26.146077862618277
-322.56775300716316
87.89208143622177
465.0631283847773
-50.019391828399904
-155.82223601670054
-35.77118857219018
-367.6694341652839
-8.768121650317415
537.4510886220379
68.50071825935356
-119.54267944090638
123.75107553996904
-345.42473594357017
-400.81560575251683
334.87440720198344
267.10472875432845
-34.715762373866674
150.06568045546234
-207.86732496960116
-409.3508303424254
220.51204142112184
234.2200970676081
-54.20717862891273
269.905927446054
-5.027042631554137
-593.8284536267399
-100.10922406216835
294.23975459313283
33.86539066236118
252.66595029047986
203.0703574098387
-400.42292058220386
-198.1077322789703
130.93559209452923
-108.17434049477032
209.20502959724362
408.53082657934897
-316.3740154766215
-400.7027540132102
114.22812682439167
-37.66754411255134
60.27983373379867
480.5431655648297
-2.005222166933521
-342.49815993134035
-49.28807948884866
-225.40113749812554
-113.2543073636881
522.4941335357322
196.29823519427427
-335.7058115935131
-9.65162671595566
-74.10619538594004
-276.0435021550058
317.5260909463719
386.8905836039701
-137.44349777945266
-74.94716460422207
-170.870644893376
-440.36299766892654
174.3415996544208
465.7253212143551
-60.95118465227851
24.544927836289734
