34.121726818316205
79.46362072503076
-382.87574471934647
-105.00926027541594
502.72591562862453
83.22510567206355
-297.920197974392
-94.40460276921709
-151.58587927844644
-31.312239516368372
498.39265396669896
133.2403521866968
-465.9651487520151
-75.0398978090617
207.3029607984073
-74.73397015592172
171.52063976231736
211.83048224723672
-433.880173767803
-323.58099125602075
312.54983475418356
205.4012008710214
26.554682519089468
101.68505025243496
-293.8163446479154
-289.31083326082694
429.601917610353
295.36791792871
-308.5517948442146
-111.90288243550988
-22.240647720417787
-250.93645823374595
214.15904952767036
454.54552337522165
-204.2693784407239
-328.47960954579105
73.13362389692662
21.113541880577355
144.53563589484017
337.5847319277123
-277.7676582756935
-526.0460242505562
190.44082758176498
313.66291407578547
-70.00471331855796
115.88975487453266
5.67248013264302
-402.8979967667636
52.56099842822978
470.68395963746985
-9.030245932215225
-192.6171544283435
-77.74966343071097
-293.23054699089283
31.095647981429565
556.5585382576371
15.60437220401413
-445.93616050975504
28.972130019906405
130.72546800373078
-59.2644820665277
294.3183201182662
124.98242437432535
-491.89622948084207
-187.931364301319
270.3630718087711
80.74078883540798
129.15200092886084
126.29929560393947
-427.28457437992984
-209.26437677039618
513.129681469092
200.36625739983936
-271.79622301640273
-34.737840094599605
-137.511432985692
-248.1585327147224
329.83601836092964
344.5534101074679
-271.22439040224407
-189.42369077170562
56.097799425859534
-70.12436353308233
260.68181323583286
362.24374386134957
-393.91707732927233
-457.4175424507541
248.32099671929274
187.80635938505623
-36.534745699471664
185.76997235387458
-121.78364795206227
-399.07310896178905
195.7974069899159
388.4869633218458
-69.41538821321589
-55.013004327149524
-101.2146531263645
-396.12950169641914
133.88053269336302
551.7454572181836
-109.9018607771231
-385.92498586453644
74.80685723138564
20.60028844446846
19.520580197380873
384.37473947445375
-9.7884482786389
-487.0526985928846
-52.38037462550761
172.84739162828484
-2.584397946605226
232.88760763451364
63.537992475291404
-513.0345003675479
-95.72263486478573
535.1345945573745
100.25095047843394
-179.2453539765888
2.9013451741957557
-248.02765502799102
-183.70793298431443
416.06361453958857
200.999541208433
-310.0606656055803
-58.62638547404926
-9.495478213301913
-115.91644215389461
382.70226717182743
334.95413714831386
-471.33912396505116
-345.3961423929523
236.85274859674024
83.45620557204012
44.28659771835752
187.6736563847872
-270.15123639731667
-337.86154515816787
315.0957477465491
271.10708924482987
-74.4437715584534
73.86580206358452
-166.37817398401268
-430.4819620360484
245.90231443813045
494.4204547899682
-209.44479456881774
-289.7030500156283
50.05784633508655
-70.12505461871065
137.24189807290182
414.1447489881711
-136.9441074452733
-410.14287169687464
62.03909517133282
66.7864757184815
-22.25128459655193
317.90580325396434
-31.71260368030199
-565.834198502017
24.44910236893359
480.8415597636495
48.76803126250648
-58.081257319209804
-12.651410851681407
-353.13075965011404
-54.02645168502268
453.44340637253254
44.29035508915963
-283.81911609704827
13.313091378369617
-121.51749650893481
-97.17368436367612
494.0303415351568
248.2873551830606
-489.6334656958812
-206.44620756806066
184.24659448751106
16.510846533052675
158.05975034070042
140.1885521427911
-411.8611486074444
-227.1799532072023
373.0100077220894
144.9703553830488
-28.220491193406858
164.8476158259407
-261.5260963907999
-403.5323985513112
344.93042582708745
393.16353472153844
-246.41755385780584
-178.4225024966829
-31.289620330452713
-144.10362204336855
272.3208651133289
415.2846812083372
-260.99997349998
-307.81791183690615
130.3307661583516
-41.151338466567914
29.169260256675
366.6062581629233
-150.138356988277
-551.699670997226
111.71788364241425
370.6724778855036
27.035573767833675
71.91056823287104
-74.63299342742279
-418.6108073362114
86.12303443734832
451.6363114853106
-100.39906179037683
-210.34669059069898
44.13348045420192
-236.93423841639515
-51.536632867483014
559.1586964352466
131.58597205701852
-437.1624217385341
-94.05792478960092
95.35011197352797
2.7134399475593503
283.98796804691557
66.66900336213564
-517.7067620484121
-110.87974808169908
353.6189027152078
36.733110642988976
61.162875756269564
189.0000872796909
-351.7632457246872
-301.6123023541813
412.27306616008093
252.580969373262
-227.9247912314027
-100.90928767081435
-174.92050002306593
-172.31115201362317
412.2596289149491
338.53750668000134
-345.6239822889595
-191.2327355417349
127.60996668643453
-109.95931336699343
126.25286620011649
365.4128208046697
-277.54753637981105
-476.95125076015063
169.24476197382177
237.90115768585434
50.49595646129833
195.489517200404
-192.96484228048598
-433.45715796658715
254.94312031341786
397.10365999086815
-172.5050492108037
-112.12383486198037
2.166475226160688
-337.2869812646497
55.0102933538695
542.2119838616812
4.807798595292489
-344.5137795110953
-18.338699742579248
-28.422265544717668
53.214546816706886
399.55913797109224
-62.86603314561653
-548.8906125444691
6.788710432629668
294.09174513643904
-32.413236573969705
153.9167033933353
136.8053436079686
-419.0170426702076
-172.07244333871154
436.6807490770505
131.75580945028483
-138.86523490364607
-41.546765262951816
-306.6175832774557
-151.72936258212835
515.6227854284103
225.43983141202912
-374.6805640796365
-74.5494461579818
82.10290498101513
-136.97518581075
248.18179659010053
312.7440118363443
-386.18101530448774
-350.7592291284879
166.85469704612672
99.93088024741944
143.45773317837998
238.4523935871206
-321.1879423207894
-374.31264242830895
357.5962772408529
306.1747296281286
-187.9986124354852
-15.552304335461649
-79.65729573327873
-369.7961248717719
167.01038472467835
473.7810613730901
-108.53498946357628
-219.65344204046548
1.5672912098543643
-133.57817521540602
148.09125807050884
489.3779680713615
-188.2624067157958
-527.9045879595445
85.35602641688102
180.62086469989035
-40.276860637502594
243.06475734703207
33.33997542358555
-453.97876340547555
-19.028588992990834
393.8138995041426
48.376575698720735
-15.305302053502679
-27.420675127084277
-439.45860716994844
-72.30782868095424
562.6398534810439
99.71017986407841
-354.9023050569304
5.2721599715878735
-4.322403675407347
-102.44205487611477
360.4146436221363
196.4635722475727
-439.54123175100483
-219.2776027007541
113.02405906275604
-6.60735958577502
237.8296670153476
238.50757461185364
-445.5324260554098
-297.1746780052931
427.58366063101863
214.348705486584
-122.52415571477387
49.23763865313914
-202.6660021514579
-342.16174689620857
283.5222755729993
350.28709409739605
-178.9213184269894
-99.5486928871608
-39.86491437953496
-221.45608944890654
275.8044140140872
483.8732335555001
-297.77958732439697
-442.06354578387345
110.95924021088187
71.00514207949631
16.403701270784584
297.4660597895045
-108.27752803235879
-450.8457572415305
127.88325315603902
305.3641081236364
0.29229587131569656
121.15728089265927
-68.75237260729695
-520.8962683002773
38.95775430894358
547.460855081341
-12.58964413914251
-281.1540859587853
12.308554006480163
-120.93721518773816
-4.1092473041040245
460.4183874577271
66.31029415828809
-412.715217900498
-71.24730357736891
24.537128594130774
-69.4399405398818
342.2242117557053
164.06345280463017
-533.4655444529062
-193.6907427727492
431.006510250304
129.61170461562025
-11.393484852939304
73.5819627073391
-327.5461815479568
-270.40062769121033
374.90096776205326
196.692950850269
-181.59289292136893
0.3459171945817907
-130.2594333145348
-250.01132126955656
408.412434072262
436.85280706970485
-352.6794343768543
-335.3978047454929
96.61540237591858
-23.165180415448223
128.24060704382822
293.0669534551841
-259.7749601700958
-363.1725333909904
220.67575846322546
175.88741047819803
2.6967972800147724
232.9584388794595
-145.77927439116783
-532.7348572033037
137.2341213768386
471.36946641511065
-91.10784559859088
-177.59514714214185
-32.206047041232374
-219.21077584955916
120.17895956198379
493.5847154164997
-59.76326647435607
-338.8594101830365
23.19645867774247
-71.72421892243032
-52.18342732831334
428.76035511424715
54.28001702805785
-556.0687558109512
-78.18956806672865
350.92423703424305
86.16517064337793
126.91145032579584
55.76113706665275
-430.2642037651399
-136.49419969596593
405.90506304022847
61.03416078289074
-156.45112789046672
65.6219087323495
-250.93932775613925
-221.90628011807183
492.7596387668697
346.7566454388133
-357.3520605750651
-188.94294234457558
33.453134450333835
-78.90321134161644
263.6150286133923
238.80818861367902
-411.50889153556955
-269.68982017122534
252.79310662580647
66.87542543718973
69.73737313395948
295.2214415284527
-244.8934030827314
-477.3056361478136
248.6752902541206
360.59315976076147
-113.14329617744767
-60.492338588624314
-128.86223548365203
-303.447648963331
264.28943965461724
468.75238607696735
-175.7962641818816
-221.9782957036078
68.22978233921957
-170.91988614139427
7.209697920403283
457.2314449283333
-76.5373074450168
-533.1568293373625
7.08504590105762
219.48168815139263
71.40741541093223
256.68430038444535
-30.124277901272897
-486.92055998755814
31.314846344098914
411.0977245513282
-45.935875344036184
-79.7275353969728
61.03668535988757
-355.73523009616486
-151.89809030393613
535.3885472932968
202.03734742718413
-304.18217724594274
-84.56169707495027
-87.47254452416877
-72.5635466461989
395.3273801791986
141.44755984495447
-494.7030062947094
-165.62179133537205
225.30269027295878
-23.897598697286774
163.6790244142886
293.5116788133454
-345.9685635860673
-370.9127123180478
313.26148721036736
243.7768730513442
-66.62647724762134
18.390347134919946
-276.6054052683089
-317.56000974914446
381.5761189876278
382.749152650223
-242.01741207778338
-114.16840835535459
58.04079451389504
-216.11543869576374
134.88521336653534
451.12510459257135
-193.24221109964896
-434.92264987759546
46.83344736177541
86.56759949284543
114.34604025474422
351.0077606029564
-151.4048444855957
-484.8498819100716
162.9512925013865
346.7695739816102
-95.36020196924736
23.535259413799462
-0.8054327961168333
-434.39811567145557
-37.325523237879665
498.7033947520364
79.81486551227341
-203.86584565562995
-31.371310799138683
-203.24435581070938
3.673228646652557
494.2234851670695
25.626524088646647
-517.6201141772261
-54.99713089740098
151.60025592859
-72.0314519583562
260.8450395262513
215.15984481886656
-412.8541269794196
-227.81431790475403
317.04593156672195
127.21160735596038
32.265091150251195
72.50641459708606
-415.3787958404391
-282.18385120979065
474.6951654227832
267.47968962683734
-252.51486159273506
-17.10805691309151
-30.63202077313136
-206.74939735638017
279.33482395021684
383.32826929928933
-295.1428084992245
-309.7050779568976
28.989209374217488
-50.046188458214964
200.7782162183997
394.6369268199935
-290.72075406931515
-440.72807108160146
268.53876795483365
262.4936977860919
-76.08832125196896
124.12773221040588
-100.70342851335467
-464.65583599307087
87.73566883439275
422.5778188076919
-22.6461339336674
-82.03159364796097
-20.618229136232102
-305.1987329237222
107.7625828101297
551.6959980109744
-82.6586933605959
-471.09499935439925
8.32863958967232
42.48849755814041
-48.067948003108285
350.9192340844936
95.76078019088673
-442.8932188067989
-70.90430126346384
275.968106887546
39.34240074595133
166.40353141980495
58.013597596808204
-525.5035392365075
-204.72229395717403
497.1715597550467
143.82237209290025
-218.53409141795805
22.845709548125328
-128.91868286015236
-172.15928885718708
405.8622525898523
276.13806919521426
-322.96583378200665
-177.59758045364455
-31.134001674972055
-138.29911011203677
296.8044157089472
362.2143666550521
-410.83473767328843
-352.0072593692855
294.01451270200096
175.82793040229848
8.870404943499436
184.47082864187863
-232.54861697787638
-416.7847662999878
210.9099212739685
300.9421198811296
-95.2165350685813
27.333236493271187
-86.99770697729723
-370.6457964547145
232.41203232551788
558.4842599600324
-164.38834783754226
-371.5130954898026
26.10138083284922
-82.00730299608259
28.816644845654125
393.07519921539364
-63.30781642154004
-434.2780299240132
60.95886409342853
170.548195229069
21.71863340854497
283.3754029158092
5.278635879836671
-584.037945596264
-81.1695620895547
476.43049834807255
43.48601642194002
-124.28583789393593
25.102357228418853
-263.6007944529939
-74.54253811259724
489.13821776095944
139.3692863796052
-293.09512132760636
-49.98481987854416
-115.24099490496265
-186.58940584639404
401.1704323816378
268.0562274185157
-478.1148316311645
-248.7383836945253
267.3686140192131
98.55908399188029
130.54794255480468
192.33605914145824
-368.46096512323663
-321.1276784949588
298.1863331288235
162.59571112676406
-93.42171415015974
118.08081199296991
-194.0802178061899
-386.77335219869167
349.7469794805557
494.02108448137665
-206.85441619381314
-243.82329912787606
-18.97930755158924
-148.1725146492524
166.36090494117278
376.91978032352813
-225.67216711971216
-361.4883188305024
135.06419655613158
60.90454939647399
40.679282243582904
387.72334302969733
-81.52145304598673
-572.8110878418149
39.44043010946934
386.9117309778081
-10.843135865713972
-15.638568219641476
-57.533538550404565
-373.163936575604
52.881188613715615
513.3186340415511
8.956687467913737
-208.72304901517873
34.42836593682636
-210.39494929099482
-138.12802831121792
485.7610133335465
147.62070820870773
-503.1056847233971
-148.06799048080762
161.20452426329928
48.53528094692298
276.8932338203527
145.48067152401654
-448.45481658618917
-185.33160173622812
336.37637382605175
38.56390251882904
-36.02765761263438
139.8888092962231
-313.30444235972936
-347.33289871067205
426.8564687877739
369.5995229173451
-195.37754096972964
-111.48759729966415
-97.13837806721753
-195.56667882403832
309.6595134803796
335.6972212791367
-349.42346813395534
-253.02541805883678
139.6503717826785
-51.138728233343656
112.73886257034
428.74532018129827
-190.50569426298986
-513.638864101467
132.31512141277756
273.84190208606265
-3.7641332662021894
79.77911227857435
-171.8046727878197
-437.7786599821189
187.5919627111126
470.1457119535977
-92.1308912391955
-110.35691049334446
51.635325867186445
-281.7449853473405
-29.821870051421964
517.0029320613172
12.95916449117855
-442.8635707121118
-76.10173653569387
31.90592714864143
48.94673014263967
399.2491248715771
45.70433203766058
-498.3160261090896
-42.665701827695756
310.2476682173649
-31.09758509433626
61.22958970150796
116.23760359642698
-424.5190402619866
-250.5846945263327
438.23839943370444
235.4451337271267
-134.0077799281953
-14.658317544326987
-207.32089094453673
-170.57080911227723
448.4914630636139
239.6494012473203
-423.78650729305673
-170.23529394590685
95.46624304219345
-134.465121511017
220.5923916881103
389.14283683064446
-291.018246124587
-374.3699310974047
196.33133139905053
142.57950465923744
55.36891869461881
171.29104699693318
-310.6273300257991
-441.1490123100316
293.3735695483833
377.8962845648295
-143.18163656006627
-7.802176043762206
13.75906322636341
-336.5803808645451
115.02942160621475
484.0928101045282
-97.15932650643506
-343.5545359092111
-40.313267527847394
-103.93989981011133
96.80976231351171
477.6748699722142
-82.23652638398806
-502.50723683994056
83.21770560870175
262.80538730887037
-53.282267456587974
173.5406975439665
43.590868814507346
-500.16416436337687
-124.50738723651128
407.71134499593586
117.67477464700202
-33.417686604573966
26.19521916472044
-334.1991246894715
-95.73785557980689
544.166773677667
134.04981509108512
-411.6784966953352
-77.48135326715946
-6.288616981037853
-150.43964926165899
319.36351781757
299.4115377389905
-360.7141826800036
-229.8130950949161
181.81124119223935
50.76719230050144
175.92505164545813
209.4694706572061
-437.8902723898889
-394.7279130441635
377.43175325166453
254.4050312234402
-139.50455156193584
70.14719397102894
-89.95773649246367
-313.36786969278023
259.21131905533565
415.38703764717536
-181.81404671171344
-203.27735638972905
-53.435831685460464
-231.67565971177888
188.30939183221457
495.6184161100963
-209.27350827405678
-443.279387423478
158.09274103299342
163.03552706988987
1.5167983636339724
262.51489898309364
-60.017125917910015
-498.4960920924336
12.15977985635561
323.5013641380579
7.5660611465071685
73.60087613447284
-3.444471930848866
-431.42194063085975
11.532317589292592
583.4739045969923
28.596160785378707
-345.35332138722873
-26.52409956194321
-116.82630830697195
-100.99376863482624
406.97885708131554
142.0874204578804
-384.10140244702734
-82.23438994577077
124.37953478631043
-8.677130551643764
308.3973018702211
190.65677122068655
-531.9450089680147
-290.5694917253225
387.331970468618
144.4028541559613
-79.39855290940648
96.0956503133944
-231.31671908408842
-260.9444377506222
375.22956173026273
306.8655514867672
-191.26523618913996
-73.76803590808986
-125.63980357055557
-295.69626257447663
285.6476457496534
453.7299174181272
-329.5809595471496
-351.6330022179317
162.36738481228812
60.85742749896508
104.02022620778128
305.5592521034697
-209.1927945809461
-447.91959213489105
131.6332581477967
203.29473738497515
-32.360255582311076
175.5091545220263
-76.24131609853207
-494.78628882426756
150.1546445662438
557.7562096851912
-36.723659254415736
-225.30261086693673
-29.782623989379996
-225.00251007149262
4.620489381587376
447.9599943799308
-14.781204713653802
-370.02762815041194
13.766248298741615
17.728898014790957
-16.480311082629704
421.65864870520664
134.8720485448083
-567.0681010440045
-174.30902827063423
340.9107556568337
51.78515861846201
17.872820405708417
67.4458114786604
-366.00554416064966
-147.08741775169239
453.4854483566677
163.38167509765975
-154.844387061352
38.733625146359586
-224.00066438136724
-288.9777552559514
407.14859394506067
358.068210353196
-382.0455336821506
-243.83785697040244
104.66055409027005
-2.669301308982223
247.7346533091286
312.02152942314314
-338.8608791393278
-343.6832887317479
210.16972982416718
82.13626338831982
-17.447979391671456
244.41455012116205
-202.94473175236047
-490.4332611304335
250.51295308770148
467.5510674423825
-72.57573388590595
-91.7675159733122
-75.75472412212225
-297.7445303776842
148.6665957415225
439.2985370273501
-160.65251908843277
-307.8363359951285
58.53009332476287
-97.88642697174521
22.675818947514774
499.8733035956482
21.374615867123776
-540.7090457646999
-53.29687784526823
252.17201397141721
20.527076634931287
138.68326103978856
-31.511844360613246
-464.54242132814863
-27.04738846492811
444.1658570191064
45.14603103952787
-72.35452674823486
93.58225363028833
-305.2516655816455
-228.5519881797115
475.01840594981064
224.9527002953527
-375.4663847124759
-155.25180815178572
-8.866499935120306
-38.93078372067441
375.7040766968629
249.07395933511958
-422.1424468320406
-207.1812812368005
233.87316796877576
-17.698997715831254
69.55131310207588
258.78157826203835
-341.7261515385667
-434.47320498748235
311.27616604685596
341.64158740937904
-47.93974016669944
10.37849959930129
-172.95574200670592
-322.94457426968876
289.16823830858044
382.1392752440952
-272.09120625573064
-209.815867322395
54.432840000052614
-183.67106148183424
111.71987010934131
507.62130069620247
-100.47440863435817
-449.83436624694644
48.60086143249282
134.68330859588093
53.11700990118168
247.61554223055356
-152.1750142559412
-534.301733544224
94.26831405216565
401.526724087481
-39.25038064384354
23.544927836430993
