27.12172681831621
83.25214169762937
345.47205234616325
-444.9549797349291
-164.36481072177568
526.8713724911402
-168.26830333163232
-198.3729605254162
26.69981731421299
-94.6074752063641
358.7908749207056
-184.79432056127575
-391.65285915068375
468.4680477818107
38.73507759903529
-238.92962246439325
149.8965627939371
-126.00314150286086
200.2917482240449
79.38999991621172
-445.86286286986984
298.21957378603616
148.85918213004499
-378.0951150340496
159.10829796492683
-18.739037372205267
-15.011974196736276
164.6852393853232
-360.9190679873703
186.98650186481467
359.1864947408927
-426.16065424616187
35.933319984880264
207.2369244109804
-84.54721774998129
132.00377096885308
-333.1232217006218
-36.3910588310308
520.9448812932638
-355.4771824160385
-261.04282557322426
292.568258644952
-15.494676379734857
141.89978342498625
-196.4756393432528
-247.72282636747852
589.6531558474858
-28.56424246057126
-449.6025020412341
230.7830438360684
49.606845537376586
78.37496167023754
-48.94439320028994
-446.58795803687354
365.3078666056725
243.1935319112937
-481.87398630714085
109.95505666598156
123.15178395474229
7.861489235029476
167.19014771584835
-349.24693393666126
113.29627612230858
408.4897718779095
-398.4361917280243
-22.849235764122746
210.42159611988103
-160.69076516644785
147.42297133788668
-195.43227293785853
-112.54738774389817
418.3541198745291
-298.1427972772689
-159.79670748824608
393.733285649234
-139.95451143070278
3.2631215283564576
2.688065230942164
-151.00707349015738
419.98839574841924
-164.0303858848795
-425.6702136553637
405.0478087562705
31.338751966260695
-190.89632035697866
4.789939428968758
-202.34940581323767
373.652142895568
114.03027587854217
-562.1105294845364
271.20642929842194
311.4235202895242
-190.37124544612166
6.6788760935278
-220.02134536272555
189.79901466893392
357.468416485476
-554.4581089158792
-75.63329332192295
400.75722753356496
-158.6092761808145
4.7254109319831805
-147.70016680603874
-40.8261618825407
481.99330007084563
-278.1790641640303
-263.4948258472297
421.5002827928085
-81.00357197154597
-52.652399405354416
11.046235113642815
-216.06219061280868
339.7273622984748
-76.07436521975698
-405.7669002391127
359.8732571230791
3.7211701284897334
-225.516219650311
173.00657440836068
-128.64037442396997
191.14435676259714
105.94586866496064
-426.9431881840194
323.2740874316563
214.34873763481045
-381.5210966430907
88.37561859672809
-6.602566376330666
44.986891880108374
177.07882525727237
-490.2305900609757
91.59128342835942
476.87000336444004
-341.94172665012485
-90.48875615930858
115.15050801864344
43.00286296176334
298.52944335704456
-369.2818165226053
-213.59046773300415
578.4192820051769
-147.1216901881107
-291.9670624026784
90.14631902123458
-58.11654484307427
295.46249288233435
-133.45946683354907
-446.52735049076233
471.10909111458807
137.31263050250726
-324.21043032649715
115.83891243445878
-55.89768268661669
181.67555010402376
136.20041796132512
-476.1345244726213
215.3837691245044
263.1460625584063
-386.636548294196
78.85355055699043
15.795953232023589
-60.18054500889917
222.73495327332424
-326.86769548055884
59.933019395080954
411.61002838046744
-357.7984831303764
-12.487347405754402
256.5565456673853
-138.3905739286109
128.53106174912787
-215.16022778833596
-107.35536316120987
481.7989211689313
-295.9822577637034
-306.34837981677754
348.1326217769188
-27.53051925829891
52.10433372468167
-106.85096179189584
-254.2312738827694
538.8606654721389
17.516483373206903
-499.4225671683739
253.88973554767102
118.00870366708567
-10.19201357553056
-21.65214509368578
-409.00972009115895
321.42771919899417
312.31100411910967
-536.9962187102676
54.91098889718762
231.86481911366496
-26.218360340405063
131.8164922149089
-323.92306848165094
55.95260552449908
494.532294762038
-368.7969335791398
-140.27613112070432
269.38524815296483
-137.91915927962978
118.26226468882489
-160.08784862448982
-200.70203804543127
431.395074207586
-199.6735818864351
-267.3204900309286
384.0876074036977
-90.75262990969976
-27.282151220119065
75.06557476684796
-205.7731999668783
342.5613737790334
-40.24814223537016
-439.2334096552523
359.35634593416444
70.35500355179423
-248.67609001350792
71.84185455245175
-165.22958953601383
267.2604432438269
164.006251405779
-551.2375441630576
237.16165649483386
366.8958443945219
-253.4293139744474
-4.502750708683643
-125.42821429633658
127.96320785040297
361.65259870342544
-523.1347054185723
-124.17412736844783
476.5886936992158
-169.17488841513637
-99.78959821412413
-85.24040595202474
-62.721751415823704
481.1239358546382
-238.04563372184168
-364.47605108588425
465.4166441818464
0.3908975120263829
-141.8476425224267
34.1849085902815
-206.2674066657861
316.94457532929385
26.768735956975483
-492.4673088254656
304.58351340675466
110.19895436214742
-262.00747237683356
158.76853597524914
-125.26674718931574
122.61924566452484
218.96227917012686
-417.05708646563846
204.44545292541815
285.0922542368179
-370.67346275840845
62.849639862638924
38.04875779067302
-44.48639936039433
201.18002369574185
-395.3588839872374
5.660736039868679
490.88792009134914
-330.12696478818384
-136.83411901283066
205.54194897344863
0.08662373744912344
249.76304059272817
-276.11128598017154
-249.95138039336038
576.4697611492724
-117.54785018428612
-374.1936464782457
146.56735801199457
-13.050410777002448
205.55194995612698
-95.97296448465806
-469.8547976125658
457.48715756678337
219.1532720825647
-407.472153784845
102.12745751609663
27.462905897597505
124.88892287985814
158.11243232737
-486.1859518754265
150.3481141013214
379.06798498166467
-396.13060456503774
-9.833891344528086
70.77082742596056
-67.88102751690454
245.53234831085942
-300.4895677070774
-57.852418238479885
474.6825824951108
-289.5553367711587
-98.06645175902432
258.89318540881754
-142.01641279461717
136.77775731034598
-121.92602376767181
-209.22057572448264
443.6850727876968
-203.8109995465881
-339.7618169333177
350.0486010131864
-22.169494304637166
-28.27351919801091
4.129575327559682
-241.6126199998168
455.46552556632247
76.58684520890857
-530.2763249694443
256.1320268502965
183.5921376494111
-110.10389444298362
0.14750536231111133
-349.51824836594596
260.7738957004497
349.78869226309877
-566.1184890828002
-3.2206219673018905
326.1355950768299
-62.045412259310936
86.75728017062544
-264.65216318549125
9.133910782817516
536.4104689526442
-338.35731301929036
-251.2914197018059
322.5622884879521
-94.47101840966025
35.109994285850235
-134.38319379182252
-245.36147185112145
455.8861044200163
-100.06601497504853
-364.95762756531974
345.97207429054845
-13.723144420778253
-52.969642668773794
106.2809506098319
-235.41035456345236
281.1788500183547
85.50454264603032
-452.95871189580265
284.2344589885722
118.93968381016097
-281.5164420651347
98.25187285098932
-139.9121256027408
141.42374859153423
216.08474474511937
-496.47366723732057
153.77251559663523
412.5980412209828
-297.7713358018547
-9.418411600065932
-26.598963883113836
57.44310930774114
343.11053076304466
-476.4405025777988
-181.3077528497326
526.8900446029343
-164.14384022580666
-186.52725777571794
2.6437058174661647
-54.99368092841209
437.06419333821856
-185.78422067802424
-416.755766567823
487.8734543469213
82.0199708305594
-230.6351883780044
44.96000903905668
-163.78621759087824
279.6016102703348
78.49614816591246
-541.9654983146261
248.04052500251208
228.5193958590337
-283.90556570994823
93.45620255723935
-100.80475983933704
76.45292036136902
292.5112001750756
-409.7504690111909
85.21087641719447
358.1060062059246
-324.67699417453156
18.243458941125716
70.82339769839302
-109.43692375272721
236.7404261354693
-314.3678489706016
-101.283924000764
480.80200549075124
-273.72095560272305
-174.54480932483483
256.57720482921417
-60.12465879387596
181.42626164092303
-167.63787448273723
-265.4620653849922
540.9573302983673
-51.002495785103754
-428.9590263732737
196.92430433269053
8.092898885219672
98.45157393713819
-53.154503271825654
-449.0384088539037
412.89367240612074
272.53639070963317
-477.5733505846092
84.77984943770169
125.72008791071399
73.5678121470329
162.7411276088133
-461.4854707549202
94.35437595079323
469.4197589007906
-397.06547609160503
-114.93914782518593
150.50091136365776
-59.539923178238126
228.0853738401454
-267.5543142099535
-150.51760594835702
511.3013226724841
-193.1373495347928
-190.69193360212788
275.32329994160665
-104.10142353626254
118.2806775831888
-54.285134621604826
-289.4657219666081
401.85416614018743
-84.09003626691623
-384.34991257564195
313.57633154523637
-7.142138070878244
-82.08551473809155
79.01703721992115
-246.32421823371863
350.9439827291487
153.31882202882858
-518.5941675716888
242.09071114612846
230.22585253791348
-187.69006823110092
25.589109124536193
-266.0030307907208
170.61189588726347
358.75506431517465
-553.9450184650179
-54.80847801031016
412.56991777093407
-107.02660404957551
16.953355936695388
-186.39364542248188
-5.646821579657249
547.3543097697586
-312.5845375722561
-335.2200286942662
396.9719877557177
-28.894316781062205
-30.031465981560046
-95.57981641092583
-258.37378424255564
432.03699525496523
-23.439261957393217
-463.00652435407403
312.44940194156743
89.14448050028126
-100.38625448682737
107.29305846587019
-243.21878168558305
243.42937649125594
199.5580956685298
-466.7805269967888
195.1873255620719
191.84611322393033
-285.08028608968607
104.9966525406129
-114.78539972561187
34.547221953661925
277.62273166720183
-431.45436823425246
56.55391115531137
432.6835942697043
-297.70757118663244
-30.706966391033838
60.06863338980858
-30.397060737354437
309.8067434274434
-370.8524743629651
-233.09724808969236
533.8153182108786
-150.92066547633024
-263.48814693857366
79.78581356514584
-50.49801407774457
349.94997191203413
-123.97236528769815
-456.487681065113
495.4958305683267
157.40512006370756
-324.6018008499071
47.83641794057875
-94.92431196984572
238.22080562494082
118.18211138075912
-567.572742567978
203.97944745294356
338.40155972367995
-321.0870464881753
34.040004084869686
-36.83205931638073
59.10168543969
330.0761664254953
-395.74891989170726
-26.325123236619195
450.30784434476624
-262.4286345049401
-51.52605773750029
91.9701540681539
-137.90427219466346
241.05761225862395
-223.75111969047407
-209.5095481860976
458.13388430117965
-202.79530816475014
-216.43798974671523
274.4111848962462
-77.92829117511317
124.42266730330523
-49.91461533297529
-306.7612499570626
462.28891789551903
4.847417598872031
-459.82446650783834
228.53930202410334
49.75052328389783
3.069064276371437
-6.419669869314847
-406.035140356585
333.7655172972818
326.58311082958903
-508.3287162011818
50.04385854367797
233.5481412075098
10.122276859201927
129.41267036030618
-399.04572036001645
49.81009518076608
532.2483575987477
-391.40208373279245
-219.68936590889263
247.01453064359123
-45.99647475680005
169.93712346638517
-240.38635826567898
-219.55676202511353
541.7421143810335
-110.23163495216188
-305.8413392993122
285.2688272413511
-49.547134957752746
89.63374994233193
5.163438973456612
-341.6510870968477
352.02779720901117
50.0691726030851
-427.09440131264216
252.77535110565174
25.473148847200854
-115.71950738720143
134.85517001867967
-242.81317546802745
240.88459873790606
229.33676453961664
-478.13878340471626
165.71275108926585
271.6537196273515
-233.58965436060146
45.15828474791567
-168.9014587859901
75.16312009198214
368.30606633775335
-492.57658355111016
-107.28505300731946
459.3633959270117
-130.18306365547033
-54.544713791073
-89.03996693611798
-43.656691074543126
506.8926583522911
-267.7059101889548
-405.6471352778781
448.8953972385982
26.974356211286263
-146.72149477227777
-50.534499580924376
-231.8679387938668
414.12035966356024
49.10685931716684
-546.4488273653218
275.97468780800943
192.98126571412996
-143.59892792355282
82.0235299390671
-218.67100626135695
192.53612669216372
290.80983733819244
-494.8755285340564
86.12948831256203
275.3575272245847
-259.39599897922426
73.68359308951469
-91.36468040270564
-44.853901784668885
330.9080700465047
-356.6943113079146
-61.04867153901473
446.61524902559705
-245.93894325656885
-51.00735388491939
120.9602677967475
-85.97942794075891
273.96149326115005
-247.33695535040783
-285.44475859096553
505.48427450542783
-112.52358713098849
-311.51853769606043
141.1165209491531
-38.6610390868596
242.42943884633547
-60.45072813909818
-465.93112569940456
459.8242385576974
220.1003956933062
-404.4613823654221
70.35993967437989
0.7347323078586321
171.86165696736597
138.76754786485202
-564.1023035010018
146.01217190400286
437.8589610698375
-358.3138844802474
-57.44537776606517
31.499650854813424
36.829325739046595
309.2015741618323
-372.19425255035156
-127.1148668976908
521.3706961371716
-209.73635411072246
-148.734144338792
127.82585892215394
-137.30552549633978
242.3019847840944
-161.43816601341982
-315.19914169551953
441.01580212480206
-79.70859326555104
-279.454954371536
264.98330254862685
-70.73338246234158
90.03177356125728
49.15433559300919
-318.881636390235
380.21848892145044
88.85631264597934
-474.4727715572646
225.1179918558313
96.26124899274123
-91.7991383837522
56.15713900259012
-348.81287383207683
247.70741309937944
357.7478941016835
-516.4305705064056
19.51062455338309
305.80531217782107
-48.97418601231148
92.32044825502409
-315.6654370028835
10.955208861178736
550.3516412845767
-381.21134423869773
-296.9646639125495
304.09856196522446
-23.87104433586293
86.01802389136634
-181.97260993033797
-252.09696525775152
551.397414919311
-49.342222750632246
-407.6978642303397
279.1130558735966
29.948337594756296
34.98297882777956
14.965269128282618
-366.45598065997615
316.07129885531583
165.42195224986023
-470.5447665702476
172.5938032244491
105.63319013422732
-132.74119623323935
149.74282327004775
-249.5985185999753
132.58782980936445
317.63382021920694
-428.8150840740161
81.27908705846865
310.7617415369465
-242.9930093850683
52.96183840005746
-102.363752208959
-21.99435320228408
359.98773058569367
-405.00729223966334
-155.01098909136104
475.9216217255095
-150.1936041227276
-112.0094128333132
9.216859322605561
-67.56894928703007
430.73096555036767
-197.5758956127542
-438.23311889440447
474.1557587841537
69.4755896491641
-241.5080086657841
-17.107861535251992
-189.15011256718253
350.6088803060412
88.79918223980135
-586.2219578198709
250.67075614800157
311.200713544129
-212.689239640166
51.957525277028694
-167.62784108006613
163.93988799405054
343.04442766624214
-494.8552466609138
-23.650593905625172
372.61323542202894
-237.86074175099517
12.555283512422669
-72.5792747535323
-98.06684974638782
371.99902852984445
-277.03435671322586
-189.28415388574035
455.40984262265835
-169.72669840671375
-102.41346216662672
153.54469285311842
-133.5949943240785
251.87410409475498
-121.83385086961334
-333.88892008551807
455.06438705969936
-56.27536081735194
-356.55919847189733
181.98676738818205
-36.488895178137156
135.113567134187
17.866669903121092
-438.37559576007396
398.83866975545743
274.4420308676747
-442.1524222943747
60.8565398927221
78.75588868114896
79.5139889975131
132.44655961963318
-508.6964555744495
84.81490132386514
494.7996238661467
-381.77387426332064
-135.5766627957191
136.59765832925834
16.12800899592068
290.19578810627985
-335.51784297942845
-184.7292447771949
572.7272603690689
-142.5478529468214
-253.98911437599565
146.46250796439287
-91.62558076925335
213.2860271144402
-102.4420123792305
-399.0851902232977
427.7976778126909
35.92226267790156
-334.98571353908517
220.68622659574916
-42.96179339120752
58.74652320935267
123.04661436464015
-332.70414101739954
280.41647655618664
203.2580215972943
-454.0768289943854
163.6677447513048
117.95234645862186
-144.6790097326925
105.2647302828937
-290.2273438125682
124.44188157739497
373.9721910062717
-470.76030081915627
-19.53306987716651
366.62321325344766
-103.12773171648786
56.598073203946164
-207.49240925706917
-39.55595065978888
526.0106906338765
-332.04350764801785
-357.6027771181693
376.99932155256556
-13.729522057349495
-10.951210726441035
-130.22047820335385
-246.21614214260654
532.8711714571698
19.431803067347655
-497.0284436210498
277.59217696409706
138.79173333528306
-18.53938490607785
25.614134422915413
-358.5594783235204
278.56086529399164
266.52598637324604
-518.4181634109788
82.92518103202825
194.07809757123968
-138.3452908450361
136.17430862018563
-214.55981374329076
49.2297827920247
401.6233637074853
-372.1877750324627
-28.28187933444475
339.79800049840276
-216.2647193201058
46.32810316175917
-50.41846472647751
-121.56835965640651
346.8817953680256
-297.37937353909047
-243.2942162392307
465.4306492518522
-130.29769400277507
-147.15078464957145
82.76313462234779
-82.75776205137143
367.10497287242544
-102.32653637860811
-446.79281536996365
457.71320695691065
119.51228450931183
-318.4807275021059
30.461443408413878
-122.82349768428487
266.3336535622718
120.65457075910744
-592.0364810769184
212.49143773855727
389.1398335106445
-276.75199883652425
4.928948594122744
-79.58694156425136
121.16852319661548
367.1826472627426
-478.22605698083487
-119.85565957954769
467.73407042401425
-214.4076487631702
-86.0391371848208
-32.00436594793397
-114.46086115844558
376.43044074644746
-229.30150298225328
-298.62349964781333
463.69205102484483
-70.13969967735845
-149.95511450788032
162.5966829499735
-150.48012521630113
233.50177937816858
-16.243229846208536
-380.860878252021
371.69769479174926
39.677963539527596
-365.8815844712498
184.9890822501025
-30.528996833168232
57.700891791240636
99.59735010474931
-398.3547875788447
305.1350922484022
314.7368832239925
-460.86426246992846
70.37439217423794
154.053462913896
-0.32232458426015853
136.49672915368404
-434.95547214446594
33.87789266393657
517.2772671759722
-391.443407772421
-201.94429076583472
220.15417665385658
14.071699931455308
221.24863716033195
-278.6764973234774
-227.5388300655002
599.4452421886808
-99.01184684608846
-359.28732199398576
195.81025364356447
-21.893787715276755
156.72312723458893
-61.72427326999659
-441.3505055345246
400.97029943555924
156.30183889384926
-415.7695288275106
160.20802495803775
27.8476785100014
34.415178823719465
173.78172462108304
-364.6556892985654
186.0207103099825
308.61422526972785
-425.95029017509205
88.12288005684839
151.1844221689624
-176.31167322746464
136.93539033877414
-231.6345832894802
8.398637326872223
405.51359233403866
-394.95843837480777
-80.58971646186224
389.7128279077103
-139.79035147107868
23.592335980281625
-98.00004628673402
-97.11186668368191
476.23556810622193
-259.84867407197686
-402.95924312688663
407.7930641240965
6.544701709783451
-113.62012131305664
-76.54122543191113
-222.1059314900216
465.63839950830493
52.75896196239483
-555.2985129554165
284.4487455750161
229.4180357942276
-106.6352910657698
16.755847838433755
-302.0001438447355
239.22281685055313
326.49508568645837
-551.2487939252891
1.7896730764454079
302.47509589478153
-152.28570147910838
76.7640886025951
-197.46252805175013
-13.45285103503798
461.382879528217
-321.07914456628856
-143.73655151320128
383.4382319336149
-170.21280658054715
8.872554466030433
-2.9117537393108854
-186.926472635606
342.46344499923686
-193.45632326924172
-320.1123383044757
420.5537547247904
-87.12035185882856
-191.89898770198442
143.3007883203013
-112.70318091240746
274.2319061266452
8.951326143888837
-442.175911752348
394.49118770522
162.9652153796603
-365.2295133716957
70.206359353848
-63.538815371348846
160.26064058902824
138.89071540301305
-566.8961933995068
159.0353876440324
449.6799467079401
-325.2235288766148
-52.72780699111898
16.544927836333244
