21.12172681831621
313.55831003269145
109.0031558366188
6.291979610037587
-429.570436684932
117.85488921950332
-18.580615828150165
473.54254512289333
-340.3311106368023
51.19856623414453
-455.58250425993356
438.04797863673093
-126.22552856165193
348.61747389764713
-491.6002457106828
139.0304431639619
-238.26731513334482
431.9952868344531
-127.31643753019513
126.80142600201063
-296.8110829078195
94.38640958192791
33.59073568841828
165.57061742793152
36.90860780644444
-151.25935111865545
-15.015558860139933
-148.61150434445307
274.3478245362207
-110.19821019540576
204.9481009612221
-423.0484686926023
172.95846418530272
-257.66699591146255
485.03612475953224
-259.13486641477107
191.73755028409508
-508.4127066696988
326.0331730838833
-81.61210289114359
453.18411819748576
-335.4975127471742
-15.020000788749018
-256.7862082737438
350.76051684626384
126.1819088838493
43.65152690354884
-281.0581746794432
-190.57504784804448
201.34574856291505
160.17270781559245
179.42800435451505
-438.6589450916806
-17.467961385428712
-179.38535983549073
544.6505208027777
-173.71824254715622
140.41500869483505
-558.2486424314754
342.7912859714765
-91.04032957994104
507.1114535567469
-394.71747202064785
81.41005255826346
-331.20551319938056
405.93212291960197
-31.531959657168123
174.89845254404457
-302.7958550668392
-29.105658119926517
-18.411584962214718
149.08421551749097
80.3297270616918
-156.6794816827598
-21.20029177901118
-205.7073712705284
270.0384587369172
-103.2813191031147
281.9033041056759
-365.288237296291
191.66541605351193
-306.6485868865402
468.2793784092224
-195.25326751350389
300.87687268089894
-482.7584531821226
209.05693701700164
-183.1455586268839
461.7451962543211
-199.73419619220098
20.63265128289814
-372.5043083148361
170.2748608722111
132.57674932070975
170.07702873250778
-172.9270132334299
-295.1332308416171
56.37530355910007
123.85821409199252
372.61519964998314
-291.37851720297317
-31.24570747155691
-342.90662865031084
508.0190892981331
-49.45791671056205
298.92794895821794
-582.0933209145854
166.07408883159744
-188.93295780987376
569.6055996864707
-275.3366331717746
65.25921055835435
-464.80379843363613
275.9292384433636
12.626962040959357
253.82562267783334
-261.06317924034533
-116.07975078681316
-56.374822516568955
159.41276267909072
188.96075271306145
-115.09936973875692
1.9678494288395285
-230.97867164528896
267.1601926791753
-92.18323586234727
335.63662165225344
-353.39773166790866
181.51444871494792
-361.76300933741214
403.2476705144175
-218.995204090577
333.10823882683366
-442.1825303906406
159.9324747103122
-284.26503748678823
411.5365819958708
-113.10804566178928
121.32276795155865
-352.5906191534029
45.84339240422723
91.67468842060602
256.2367444730835
18.511153965457336
-268.59869571656174
-55.4549939967647
-9.766318373188918
445.0149132946807
-138.93497346734068
24.70272642169536
-509.8622329899496
325.234002783781
-41.723475578464104
464.4901670161786
-511.27447258459364
50.43771163839153
-355.8495058272099
555.1966348804162
-102.59994287004002
173.042140202393
-509.63764679376715
133.5319890142548
11.504928114581144
377.22143915837773
-111.60511502074091
-138.63712298426097
-146.36350215856095
86.90106752888184
275.2709207182307
-61.25576310589981
0.3042505559655213
-338.6860481703261
227.1467130624965
-122.45684578071932
366.5933768522991
-350.0775966216548
182.2827885494901
-406.5018426482628
382.33857341537407
-210.80873637375072
379.67609954648674
-369.88029258049175
179.03215856037758
-299.9915713421276
355.46923501161154
-61.37672357180067
208.58561943031316
-277.29562575585794
-37.55659574688121
-13.035478693240409
212.72738760216555
134.2267160487347
-199.92791290688277
-111.5114504431941
-195.97252339692983
380.4869521071836
-38.78543980368751
171.71940443696255
-542.6786944001508
189.46694905768393
-129.89761625604166
589.902236152635
-328.22969271401905
87.73220602827062
-499.59931711455465
441.59624328104337
-8.785816628767932
342.1583155266157
-460.35983712338225
-9.149166898571577
-119.34290719163319
379.2766144219882
38.55946090217389
-118.18960591037364
-257.9986390049368
-70.41308791715272
274.10704425985637
31.419475181284973
95.76061984975661
-401.1820828365317
153.63191081744392
-137.26220574856535
464.00881130098685
-272.8547214318856
195.1032701073338
-421.93872113351546
357.7684346745058
-194.65571459227914
412.3975025650222
-336.30247697678436
169.31877926277934
-338.6348112308998
278.097746181211
-72.65949857783308
216.9886019098596
-221.75039919626266
-83.7530262993191
-96.96331064837216
107.47559643163684
204.74306827898988
-105.1548349863535
-53.75667152364057
-301.80456498517407
301.6017301689721
-6.293407127939265
354.8120010110437
-458.13953537361414
98.94165368514858
-271.15537474515054
580.4912317800804
-173.8286115829289
175.9222275287348
-603.638135612663
257.0188650553579
-49.85110862623594
456.8027979410001
-311.09737814392474
-95.97042775397857
-280.3242343791863
295.613582159629
175.1498011934581
16.937013323880905
-226.10448795330555
-220.63728523213913
225.4098708892085
122.50462476818338
257.054036018802
-380.02628541542276
65.82980755570883
-237.07397323403072
497.5141253298433
-187.41941841672704
231.6167991862243
-502.9711806576906
267.0676159684034
-225.72442913878058
426.1199518128471
-298.8568671819362
148.3349857093377
-353.6520130862088
225.65094470450305
-75.10658284207658
239.39282466577956
-125.9099372970677
-49.4764388609398
-92.91682585561503
48.565209810729066
226.98219500006496
-33.760529910186854
49.88795239598092
-348.6598185976373
199.86890938211604
-79.37497482500329
429.09414253045804
-364.4315561703849
79.07344664880708
-445.48957923501615
474.1919693092943
-110.81525787724888
330.15284837096675
-543.1423331420332
91.75283141173644
-169.710006412591
517.0651366694393
-111.93880345953171
-14.963122970332893
-372.7767440312897
140.91903326086427
230.79033227132743
180.572755630272
-107.57897536890916
-335.41562071276127
81.16029785120261
65.41215254046318
403.1573310352101
-306.25414824103257
1.959888383668086
-399.4623039598948
439.44597039969585
-123.67811759018342
324.55054255577187
-523.7853930349796
186.99107225371276
-258.6038189876634
490.6577133510554
-199.65172848284251
176.7134194379721
-360.1132907709041
188.51930964699147
-47.856332465983215
255.0029370713894
-73.84182398582196
-61.23628602891801
-106.93659626713549
-28.453386844912846
187.75459848246143
-46.66408703500663
105.71657497745795
-369.50226132706837
120.35656023127996
-190.078740430011
458.8861044199682
-257.0630424011
172.38965729163328
-503.04069393180356
358.5064515350282
-104.10254124482309
473.88923858761797
-406.40765721266695
46.77022178358074
-303.77474479427764
454.8091307055352
25.266958271429154
107.02584165533597
-399.1393316022491
-68.20919038379179
127.26318240067555
246.9535057846239
51.04675285546119
-362.10136829783545
-79.85323221984913
-66.3168252631374
466.0606462975434
-149.11066041147356
67.77371090340884
-508.67837451772715
350.52053665753954
-84.41982529469864
486.38313642808293
-437.5787630601518
117.32149455476187
-354.364393002638
478.43348918524066
-116.370007676363
228.53288410179343
-398.0352063256421
92.01549181697963
-93.07973517561038
238.62502568833122
-30.14852533584585
-68.84635816526219
-115.76772551856062
-96.23764249925671
189.7397566789217
-26.308331298548243
193.0190035830571
-312.8068258160716
144.03019822284574
-251.84102236155863
441.03939885928526
-197.23172878386646
284.992369523649
-497.098606854012
252.95794613134285
-205.18840490130705
505.0203449304424
-296.02513580499317
71.67729714311437
-433.41261842904544
293.4686714959303
43.311528840327256
236.54278173991105
-292.2214331182519
-177.73538268289516
-11.932138380733635
237.1210269598774
242.33648559782702
-235.96781348388973
-113.28519410154527
-235.01976648177055
461.6496632573591
1.044394120534685
233.28752120271375
-564.5699653998036
170.20467906455113
-168.6963017351886
567.3674984175758
-316.82299373537455
87.31182247478438
-508.16798171410795
363.8569757871913
-48.63603568001558
312.79557207613703
-366.57124730633984
2.081383940588223
-134.61550907279056
261.5819712880663
79.0670513625506
-29.882645368108268
-104.03871540412442
-129.5202393106055
208.36019022056274
-16.89126663544294
243.84072394993163
-299.30723759313173
139.553374702488
-313.51440126111237
393.1609472716881
-203.33022722116775
333.28221432697103
-465.42273996910467
181.99991432513096
-306.5252393319434
472.6001395945126
-184.93238274130525
169.84797552736828
-435.0305515621547
161.54287474084563
16.175661780045875
343.48095609588455
-114.17598478962478
-175.53775373989586
-127.51482412021272
107.69782801854798
351.6222310702659
-91.6513057225595
-78.44031636073755
-417.53960199963063
307.92067067363547
1.164941789163215
386.4874400642816
-520.5910006698779
57.88194823534891
-321.4527553313675
583.8106620743913
-155.34460963595652
193.44836113198156
-547.4236622077532
235.49514254021435
-46.42138247166686
448.41362850251323
-229.74379092364967
-51.694401678332895
-217.4145149512059
202.28521569540098
157.94302293497097
13.813389633041453
-109.7505071044686
-241.11742105578233
145.6783495049417
-38.63630210891113
282.3394901414125
-310.3237397000639
133.35690140816754
-352.95166182238705
373.282971851769
-195.7322515364226
388.8454255021987
-395.66779087061815
205.1036417257317
-335.9802570230692
425.34304269303203
-131.08197167095847
263.7953975518725
-378.5769285729828
57.90936973355653
-82.70654586832906
295.8429183419884
6.576759010990761
-131.6089351153228
-215.56241239608718
-77.78948698528447
309.8087084295344
19.146218153781582
66.07401247594282
-481.9963681852427
157.44592602038023
-62.01653583595098
538.8331555213155
-337.8823598470085
72.11922559427927
-473.7258739188033
501.2536698565316
-46.18029421773755
362.83609060783147
-533.2564919245427
63.302057422456585
-160.54454707490004
473.1199179161343
-79.21857469688204
-35.805998158691835
-341.85424788502445
52.806301402866595
191.7199989182169
116.4187869072504
-22.505833944644877
-307.1687547045719
83.56505956188143
-49.83965600683069
393.7052339640948
-232.00043374950718
149.85508785936236
-397.4523969592565
362.0522970985394
-190.07826348223318
414.37829170733494
-368.47417450454327
200.5531401959807
-386.5469048123954
347.57492426269897
-152.44479365265207
278.54644373581584
-321.6982899731044
21.082725495138146
-182.37435940456248
217.9709946392538
91.21654847020754
-19.86085065397629
-148.2832271472434
-197.22402732635018
245.00317898607562
66.71394257044486
259.9900029555812
-426.32068426013757
66.16209930087913
-207.71806876218054
566.9455775414394
-179.59426769825365
146.75242238905685
-593.61801572145
310.9065552951727
-76.0885468589157
497.03799500983666
-411.31625474849653
-36.11883355521235
-310.77255993941594
410.97872024279883
68.8125876142515
82.02379777604443
-336.09226059922145
-97.13264149303723
155.89441791561376
208.04311892057171
146.7622096531611
-311.0019558003607
5.149450371602445
-139.72506695058297
437.8523478833416
-168.872203259881
180.8833348542041
-476.96583866414346
276.8471449856787
-220.4914057586365
441.3569431603905
-343.5611536453991
185.49463899806784
-395.6753553684367
302.4203327157726
-140.88876765217645
298.58995249358424
-233.85250588028364
39.12081756177233
-176.39751415950528
169.97423281428914
127.53550043229774
59.93221287063534
-56.21074955517767
-247.81128636916563
136.1729186762401
10.785429558896894
345.5781868140861
-330.5078698317089
28.906419979042816
-393.1942200956949
464.6160835036608
-111.87517776760164
305.06743109487206
-584.4621049829
147.64051343493742
-172.4072988749687
576.1693607112272
-202.479991819324
35.291387142513436
-441.1633872635959
256.7663785809409
135.22059573438773
258.2311929748628
-243.89247666105203
-225.3984333755477
6.077213494501443
177.3616578227515
269.404754276961
-251.43478186327482
-74.75268359018031
-304.48541383747175
409.3301293137477
-84.469264246338
270.23491517427533
-506.2859403316545
191.37374219106803
-249.22487441617398
512.3721722635989
-256.36304155005917
213.03294142642952
-418.6853958014694
275.01159921399164
-125.4985779858684
332.10451201203387
-187.86351601192644
30.349571506192746
-192.01420181721946
81.45698798967848
91.69685719638387
53.97774332194305
2.820370206090449
-269.4213054376776
56.40368209310968
-105.56289568269065
386.00975783363657
-224.99460319944248
124.5690808901833
-458.84629686742477
377.34317578264404
-88.72260279565192
463.15284125260837
-458.887597289797
99.86905772439007
-327.86041320381634
525.4207976260888
-69.03767819742373
149.02395323570676
-498.8370140310322
52.69134769557773
50.69052675546234
337.3006426377503
-81.68073985149579
-274.20987050948094
-140.76198913527134
44.87284853238032
388.8632034785616
-112.99416714151334
-18.43025621481705
-433.60104983694856
333.5126628219456
-32.832039989569836
436.2720500114708
-447.98938722331104
125.2089960087845
-340.8689947579321
514.8779245421798
-166.43041221839664
244.2866435404985
-471.4727715573602
181.35204297291693
-144.92884633975459
324.21740780591114
-138.7528264886726
16.65363283792367
-205.28846873043517
24.676392747079433
97.59454217163598
59.11828551032774
88.37634878539683
-234.22709985886164
75.06256906246809
-164.86795419782186
397.0107551537605
-150.32467664923888
217.99217289613497
-476.5077575476491
256.4937612023789
-181.4134394088621
509.8019293966581
-334.5240293067997
95.12204859755563
-468.0215005626972
366.4835962010276
-16.62447258952881
287.9307497831004
-410.31455071817913
-79.42652060641856
-85.6211735199241
344.7565380519611
128.8399545399724
-161.3532573448501
-195.66018518548736
-119.90964108188402
401.89402944356874
46.336838044489625
125.92972740113302
-522.3744076814864
172.01207272878676
-107.83578335375361
540.0118256513312
-353.19892220774057
83.5918060805199
-495.5945643758201
422.27159162281094
-103.88930759087546
351.51633852333356
-438.8290794827271
81.92418940531127
-179.1376655410385
356.6751570064132
-33.01024830558342
46.17718703245475
-198.29985358514037
-26.15700236741625
103.97955967808002
62.74955635996285
143.67045504386053
-228.51574116109202
62.54367451006058
-242.9126409723724
342.9280946888239
-175.41825967449475
282.435354951008
-459.25027969107464
198.76625581698568
-295.31851415871546
500.7208325404616
-234.95795168150497
202.36238173626657
-486.9499096555969
251.95500706984143
-46.68843746560324
401.31893735238367
-233.15253752212067
-91.89227759553351
-204.4934477298421
242.31266981869706
233.21611488402715
-28.93950816187285
-172.94339759960909
-309.6948854595161
253.02841306521185
77.27730614045083
296.61649646494845
-498.0613811645306
27.500091559068004
-264.6849554184356
582.7472767749962
-175.21219059692964
177.6204922279452
-569.3396131261227
298.2937679334403
-82.08452532828996
482.27936163141516
-323.05602446045293
15.414480526103388
-286.60052093069424
308.49434472969705
55.130010239255476
101.96528576720975
-205.40158349014013
-143.05391520160603
67.10697427879282
52.702328083865375
186.7074026394472
-237.26915905364058
51.356980715751945
-286.8043958303806
335.2565971691224
-166.46341552270772
349.9762032991863
-405.9438704798933
220.725295540858
-339.08770274260496
463.80890348025406
-178.18842981696474
298.44199383413144
-436.9719394869796
140.7326909545966
-145.88049231182737
393.9255447488066
-104.5350478046185
-57.809952884943755
-286.07274493909733
49.87318940256926
234.4294833437709
90.41007880545328
-55.08025919259542
-395.3246098216106
112.62154901512797
36.543443756140206
469.06046074413183
-321.59594083205496
23.04485104390299
-426.2259066900897
518.344887616544
-53.25516015249875
347.80936664081213
-574.7281636246981
128.58386284593695
-193.44230101240694
534.8998080101059
-184.72410618803343
21.276690987958418
-414.22814656249966
170.4347378060211
94.06790418973223
192.89790368214375
-145.83894410810234
-212.26054497909877
13.951360068226958
53.311726674516166
292.90838798456656
-182.97154398874375
85.36055923756368
-326.41788332648866
338.3600170622924
-152.55438374042208
389.264286537941
-385.7209945828266
212.04213762526783
-375.51926390824354
385.7688001753986
-201.54913068980449
323.3158212372075
-387.2588612569634
98.84608800016446
-238.5448902345382
326.72266232098633
-7.7568704542057905
53.50131623985922
-245.88823295450408
-67.18767886245415
172.73862360619123
164.7301416668175
138.21080889235623
-358.15835696509413
13.214655498618779
-118.38400792740646
511.16624571453235
-177.80108085584527
96.35207079397512
-566.483910158905
335.4378801117621
-71.8227259181072
488.3418413553463
-474.00576030848646
14.897121580028287
-348.104150524898
502.67758412765426
-26.31124456535488
146.0191532476375
-428.527065677481
23.555617381164826
79.17812160946016
300.39455214464215
12.73067200860435
-222.43924847652585
-71.52024072799075
-32.081547015312296
356.0409280165461
-119.97437999907608
96.43323747243699
-416.06728604928446
261.1478045071687
-185.72492066269982
420.9283324116141
-365.02616865473937
179.41264302834625
-417.5411873952242
349.5113098582604
-185.61628385784243
357.1841350351699
-320.6327236264596
120.9229511537744
-259.78350456936346
264.51009851432315
30.717886047889486
136.57860979792542
-168.1527324423528
-147.04020183270183
60.648819509695315
112.50357554906881
245.25686501802753
-270.24119034181734
-36.53227208632133
-300.15003527157245
448.72805425515986
-92.09354432504364
251.70808820321565
-577.8271550596128
186.46092972721326
-168.53267529638046
598.2517481894357
-282.4915927723988
60.660885776155006
-474.72956753649765
368.0154174268749
68.2224636694338
311.93475578879486
-359.83520857864517
-121.32457077224588
-59.06558138878296
279.80534964866587
159.6547551512499
-191.91801672337922
-152.55876110381038
-193.8408222302051
344.4202125105609
-35.654299980600236
188.97185852598494
-477.1599479691035
189.33036500286428
-200.14484892304114
502.66970536286846
-281.6836724642833
227.01611701720824
-442.42671551567616
335.46025357448923
-161.75590402624397
386.52151239983533
-277.92647434131686
108.02981405058519
-274.10560309747285
188.55768760323136
-2.1962229115749388
136.44059640699084
-104.17659369635953
-174.97668969220967
-7.143154760955714
-0.7050122618105634
300.01293918235865
-166.27556382813137
43.08890336528092
-392.5461992148856
357.3032648476498
-59.53195739160781
425.45228436191877
-476.59676622951594
104.24322375627699
-325.48275008533716
573.2550705228587
-130.93840128973554
172.52658668813623
-549.9755843906927
157.22807839283539
-5.637721994875445
407.7295108783669
-211.36161795120327
-194.55827759629125
-211.51280422128482
178.00451318760082
270.64606504543474
-44.54964053809017
-119.2724368680938
-336.43590756240775
289.0238622426166
31.00092107749207
357.92736054294807
-429.4415198496382
106.01690269118265
-302.6107422969905
519.9123298897858
-191.10444835686843
250.05869271440233
-504.1137950784696
234.51608147268138
-200.91935528541245
397.11044253312565
-230.2334313610302
96.72962691926696
-293.8911699846064
121.5279496705642
10.669199523580883
154.1773283780188
-21.248143826690733
-145.34101308414213
-18.09912492764771
-60.4795535365849
315.4288340874928
-108.01259559969593
142.09732399680917
-428.05598640218705
245.64356960350045
-144.4712100346618
494.40646117074226
-364.4448644006258
95.60249979833638
-480.6712116363132
442.6114993622681
-68.77911487897254
320.5997789741106
-488.7787346927306
12.800608328322081
-138.16416514625652
436.7571201066184
2.281904076008426
-93.00267477474398
-292.9840613328488
10.544927836470322
