26.12172681831621
110.41814336797147
379.25365724208996
-538.061312503038
-23.552829712517223
324.14410265790633
-80.90199884957758
87.41493848198286
-441.4681078784424
121.34238253598689
440.8437017595704
-390.9513093695022
5.694434233146679
-86.58586076097885
172.45987291439764
313.2982688291848
-517.4576737447511
125.06077903397012
209.6223221602378
-61.24726938706933
122.669346582734
-418.26680210788055
232.3734211161768
244.69853015100065
-369.21341876896
114.88030836226581
-149.92409572976564
167.62925354319762
155.5077615294726
-450.05381014573743
293.0631338014906
61.36948468844278
-74.45370377745431
114.583153658623
-319.17228088084187
359.21254327333196
19.67331506906086
-347.0301580442174
230.88350515850874
-135.30711865496397
180.4052754765816
-71.48229321644068
-379.2831439175239
445.47132676569527
-61.85987683002032
-98.92641949483047
31.470011431252093
-172.15178868825376
488.8836313037396
-164.61504875179256
-304.5908538380063
274.29231942418915
-73.72183173475213
226.8387618306866
-279.38131732437506
-286.1953673258694
519.5554385235423
-135.25185710798786
-94.66642219614661
-107.88655300958806
-81.3879283226367
565.9936263435194
-307.4911220997816
-239.7939379650959
252.19554385927847
7.833438141475248
301.421115965597
-407.24708673913887
-165.40723806721138
502.82647802164274
-179.50320236770446
-42.128581033642014
-239.57047933513869
-1.0953156478714803
533.5346634192522
-408.3228078535914
-132.2845355537394
160.73584217984768
39.70386805008198
327.4001760123351
-462.98224544048173
-24.910733860814275
420.8243470060309
-186.26134198183644
62.047276823632714
-289.762660492259
65.81852301173853
406.06358984623415
-440.9867498756225
26.060019790669607
55.26367164267175
20.372679469763426
259.22124960795406
-450.43476700530397
162.21730178470798
269.63699415095016
-219.94982760117992
149.28711146321095
-254.78055306228623
183.0473430667255
210.79660813474246
-446.2844437629844
194.64829927360907
-12.76503697125074
-9.005454155572272
110.20694672118036
-403.76947160072
341.5918277571347
98.73196735132375
-262.2904144573794
158.25483859007622
-167.52765982996206
324.08496167770244
3.6738780494559835
-435.85293123341035
330.1336318891513
-21.407785188845054
13.581024019101006
-71.78137802831435
-355.3807003153676
495.6389132555948
-48.657003155522744
-277.73750732676746
106.05133291573812
-109.98555022798999
450.64347836186823
-164.1633469520973
-391.0622347778004
395.44517208480306
2.766488051770306
103.07154768637692
-234.42534143474697
-292.1958072665518
575.3695544971803
-141.1096531410306
-240.63328035949635
-8.894536794529941
-75.11462712266986
503.92197400162115
-308.74243385960284
-303.0264463518268
368.88255078051526
-5.996699914021838
200.8178112074244
-313.3796809495853
-173.80417995531263
556.6059181665952
-210.90208673835264
-110.82767360808309
-85.42217919179171
-51.26946231333063
447.63005094777776
-395.0108712824515
-140.1450523011481
275.4097453045557
-70.39649005050617
234.37794569094086
-340.3012836270823
-16.729737480856592
444.95796653862317
-284.701940724499
43.3340346633658
-96.82319461432827
0.8809315115453353
339.0300187138716
-454.8475173488945
57.3239415965967
174.75657450224196
-136.61746574183766
175.09305726130978
-337.65847852479664
176.14715454871362
300.0284972960995
-364.40029557332116
170.65361207233764
-59.98576772374333
112.81523208968626
166.26036462178558
-476.2829734397995
264.0292020899925
106.84479264682176
-179.90245898916527
71.06338843275924
-316.497830988688
357.732248857795
111.22244010360477
-428.1008559125202
207.07116157910693
-23.33149400810995
236.71634424688898
-0.6231078375001822
-476.3287639990113
434.7557191365373
89.11067430595313
-130.43078030493535
-63.43812910392454
-299.83716794527794
504.93157317325694
-26.67824529274352
-427.3215069234459
164.06565609091618
-29.17426321467092
341.19431632373204
-147.69866637594373
-441.6241989232911
475.6418013001953
30.029231193290443
-28.968268415446254
-144.51486392720247
-244.6169996209545
567.4571772371312
-148.70827793109746
-326.6996915251537
105.8735203844513
-80.6629692799375
388.19902740106255
-270.0322428445504
-328.6218965616347
452.799407956499
-58.797551180063216
90.64056554571734
-170.42482747432402
-151.98092980937724
539.7250885885361
-249.85816266926338
-136.77029698856177
84.58655383758902
-103.27310538992357
341.05320456327183
-356.19188745481915
-140.5559092417218
359.49543675400423
-192.40056923523258
138.6525333732051
-181.33489505130768
-23.090921861387933
419.42969268295997
-363.32669399218025
39.48394092111418
111.07753364459433
-78.04385046819715
242.9171288559764
-413.41137737979636
87.2069071150763
274.31254744311315
-305.97114140386685
108.89933455472799
-192.1075561515327
165.86297582354035
261.52816801631843
-481.55733093549617
184.01755708563476
112.1352042809797
18.605971082106034
117.6901090605235
-459.8952845171366
330.382844397744
226.33037516438307
-336.2508433485158
43.72011623874621
-207.87284553455305
320.2863534490895
118.19766934213587
-554.1058161033071
237.53430468946917
103.73371262018811
117.57108032748815
-9.777950725391028
-468.5877127783422
465.4694485045415
165.17891059086404
-261.50489238589904
3.8536124416537776
-217.2677066283321
450.35128446579347
-17.17340954627772
-527.9506019721101
241.8348257405721
11.6389739026625
206.65827795431383
-121.19377231672661
-434.0077138217143
511.75696406534223
50.753025193276365
-145.85894681659963
-11.1868700615764
-205.77312508785505
502.9702981951247
-131.9428246081796
-371.4574676192031
235.54740500057127
-90.9584112513324
232.3177904124193
-201.63825002631975
-311.99564765757566
470.59090255128
-127.20048515382112
-31.52869332817229
-8.069698888479326
-140.1196227112807
469.90394396785655
-263.75324592697547
-158.38205833694607
260.3688456849455
-160.30224521703684
212.70181645825363
-262.80495337401294
-112.28155847713633
410.75562681288085
-319.7525345987548
29.232743519293592
-0.786168798818714
-23.941909832486854
347.84506210276896
-395.25641058941466
55.41388624043276
298.7933381497692
-161.11268540963565
138.2809250085514
-328.7411358266265
131.40015950517954
351.22540963095804
-439.87372983591115
35.457603054613195
-25.21220427262547
118.5128530500289
219.02738938805064
-543.713183071612
186.25972237711997
284.4522057128322
-103.62443235890605
72.40218156111293
-388.78392727500034
338.36364391925105
309.37639483748546
-458.9206323745525
39.18825264319757
-87.25421864648843
243.3876412641433
99.4348555241418
-609.5335292781666
261.53038856845757
183.64976363667992
-28.14976624050223
-0.2996957301225289
-417.6187867964636
454.54675245926154
201.23326705532318
-370.8902576342029
75.08611113393876
-123.20678719426466
357.81762628902703
12.931564560165164
-534.5550335010294
294.73950432406093
34.19955385109478
32.13246346069031
-49.38405497124418
-388.40337982631513
474.0869172906897
22.51089743087014
-245.80807437272307
121.54163606740825
-151.6392665773803
374.9143467711429
-93.02112822303842
-356.04647524997074
340.69494143423447
-110.87313097246499
61.44664520897342
-86.03410833138504
-264.95732751741923
453.41003742083956
-204.9883535788106
-133.80803801506715
175.59030068944762
-121.6425642844132
323.59150937888614
-256.4583879471797
-133.838495628399
421.9907136624652
-214.6398860006141
50.50838756404457
-133.93956953390295
-60.35683061002177
418.41678920608
-410.4151014864681
-68.65970033191546
172.3216540686653
-62.90295018306291
236.12280633490946
-413.47279437207175
47.71699644685113
444.16607419265057
-252.3041045092191
45.69564749835734
-208.6695618515518
155.04711462762128
395.9839282239521
-513.2897909803949
-11.25713814054647
133.61160053278942
47.23371950412886
172.12577310108645
-560.1984353389436
174.35087038720363
371.59118457558327
-230.21730442481962
31.18890110121833
-272.84006633899975
307.73750307923297
350.79209588613804
-513.1987295452614
73.451638506782
40.617795426672544
138.40705949270168
106.4949128940805
-581.5827003002026
259.74352881628323
224.65902326853535
-182.63897113785885
40.09908557767183
-330.81694606138353
376.764327774646
215.79051972670922
-437.62611996156386
170.92866836513994
-36.40701227909521
205.7334060837101
48.60916994830325
-482.04540543394137
349.9840244205181
45.92646222646923
-138.49004614993206
53.23520920567874
-304.8525915128323
390.6035040426155
-7.818544607984787
-323.617087446091
280.7825216542973
-105.39499995048126
195.30143545897593
-59.554881113869854
-297.34799192930205
442.4351666904687
-136.86325335103595
-109.38885581329927
58.46761583739354
-191.74495396612443
390.98753982690596
-263.00581354679434
-221.24402434038234
338.6847755615193
-134.32754701066088
167.21425755772262
-218.58410742088324
-115.12111096753328
526.5927873823001
-267.38329315442587
-81.49833353353796
20.473655674238017
-25.3951871795988
399.7783338716564
-452.76413411903764
-133.78461198350467
338.0143003221406
-99.4736773329852
130.9064715408068
-382.7705543439474
35.49436848357193
531.8193578451367
-325.52088760939165
-45.942083060973204
-45.97319450016944
133.6917491952483
394.4969577384665
-555.3860318179734
-32.20428134537573
278.71005868227235
-45.16285560775911
115.49306737323074
-503.66358530526384
139.88445576239715
433.50566195808915
-328.22166876392436
12.058407600713819
-145.74832077479414
234.9979366459583
341.15731337803606
-536.804134813718
109.96621955941238
167.98879643946634
8.736115517877943
122.19663328857682
-501.75416782077787
239.04233408300922
250.33604510315075
-328.84296394135254
79.49513391062617
-213.61759211010326
243.2523002420124
178.38596046988462
-462.98137102645177
258.7741387215377
34.12168279456527
26.415011269911673
92.40361243856383
-382.2019697204094
360.2773879430711
35.62879467838252
-278.3759632543758
163.39039072443933
-196.8418615956064
251.2892727535764
-48.89114468135645
-373.2885480469367
386.66310505110556
-71.3735948977546
6.190750916693327
5.728873789525689
-218.1531364739362
484.9214894484623
-159.554298340253
-238.6909923063552
208.4848118842946
-104.02503956900351
292.4998542653048
-286.5516504336751
-274.3515701606342
473.44585261484866
-128.08235063479543
-17.326773292687143
-154.42627197055938
-84.58941844464374
563.3039123382265
-301.9492155445594
-189.31512027341972
176.17694084575015
-3.484041680934098
337.94338852596576
-445.6864226504293
-172.73659924519345
456.96397725866666
-143.84535825082463
-2.486039501150433
-309.8339331803789
10.999932828282098
553.0413967166567
-375.18856768855665
-114.90451917158356
88.3828208294084
73.32692985837502
362.2306564513713
-511.82375131044006
-27.712169493467137
389.1435377913533
-140.0309883766265
81.19216740525303
-377.44804882426894
99.51606466694582
428.7045380889725
-417.2877358471448
18.08854221395439
-14.438630399667419
88.81844490810863
313.0829642779813
-484.7170712149093
147.05162107944813
237.48596671861594
-140.7901748613268
135.82497987498076
-338.95834180884674
208.62936210774876
239.50515735402792
-418.3964415906311
157.24066713701595
-80.95768812735038
85.44033529956943
132.31829427665073
-429.8845448434621
329.59477720864925
81.70049068755782
-173.58794772461275
142.00777308602954
-237.7971105547778
344.84935358578304
25.41620335050348
-402.65868538496886
282.2425778227459
-92.08030278009845
99.10331504058371
-77.4123789787984
-368.8760165353532
480.98561740819804
-52.40353347080534
-186.0825855499586
65.94668269473738
-135.57739975126577
471.55152962761656
-165.08964982642576
-360.1316954776794
345.36112307670186
-36.84786647676754
164.86014602403253
-268.2617290911433
-294.3169993851115
552.9312395516957
-143.49773557900997
-178.43297127498425
-57.52305566586418
-70.13502228322808
542.7951612922649
-309.48608404740094
-278.29103250186483
304.5210101702637
-1.5606768827242812
255.1769628800844
-377.1639871980775
-173.64533134068537
537.5995971032871
-192.29364232563967
-89.23991367387555
-163.08090229457463
-26.511679574709802
506.7643840388728
-403.8061793097507
-140.78386486536087
217.83680113883815
-8.585608851559789
274.8182131566867
-411.79096546833256
-16.42272375480893
442.08849614877124
-237.6405958642652
51.822527781801014
-195.0936028607309
34.35253636535804
376.8625018504747
-458.9148374069644
32.44263354065349
118.24324731826157
-57.75047198545063
218.6750944407883
-391.410884411356
163.63920949233102
287.12409821715625
-302.502802263483
154.55917915301472
-158.5719195174721
145.18583475145687
198.89564074834593
-468.19862186306807
238.19471644158136
56.23772595090145
-95.16822235043934
85.88232535566539
-364.3181894364365
357.6630785309315
108.79195391377176
-357.80994656065525
185.9519190097407
-109.21391414467226
281.47770261231136
-4.918475707946715
-460.65777075936643
383.0477708301856
32.13507397552933
-50.89780750087946
-75.90924274241334
-332.6247439980023
496.6161661330439
-37.36561137691784
-362.73148546712815
135.15255600040123
-69.11085741724051
402.32452962452237
-166.13145060499136
-419.65759346578164
450.04771007762173
24.53772984062955
41.527331273071425
-195.30689036159805
-279.11705570588396
591.302108395005
-135.2986862581413
-298.4715021481961
49.09587150769672
-67.20907859616746
451.63798313290386
-295.0933667696254
-323.9296044632856
412.68459984348874
-33.939244205658646
141.75020756083472
-250.3443843893943
-168.69126590023768
560.8754915044901
-224.56845231577847
-140.7890844246316
-4.793457722382736
-79.16775310827848
412.56883964892444
-384.07772888764765
-142.64327466125238
317.7679463477796
-131.79576014540078
176.75590505539688
-257.2667408220377
-17.25669446171969
437.30066924352343
-326.7269140315453
35.51254875635922
4.5286149988316575
-34.82769067657893
294.1216371048415
-432.74019063445337
71.33189441051273
233.20787183084775
-229.15697137381994
143.48977102594603
-275.6532235700528
172.50236359180806
279.3138847012431
-426.1468101528775
172.69415494895088
37.702212333725754
60.795509756498404
142.1441808333479
-474.13327049506125
301.5632054860411
176.33495390356182
-260.2284333158474
71.35451836627799
-271.6797197295095
346.5570758881183
110.35127184032125
-496.6475277464948
219.35508326075538
26.703572596642804
174.6687381141971
-10.02936262404168
-474.91671436877584
445.98374884014197
123.3524770650842
-205.4791514469131
-35.123931140067754
-262.1163383090374
485.71688071847524
-21.046909626918815
-488.70852128924986
208.94560304642897
-7.362343104815831
282.6652430529156
-143.0384964998477
-436.0205931310553
502.00374479808306
41.45931440524779
-90.37645568791896
-79.09806838194392
-232.50633101143063
551.1203879661268
-141.65052616391935
-364.515685841715
181.18988021154075
-78.37491513297924
300.83072179938785
-238.14442025191715
-322.52737532626463
454.5688493223973
-94.55179524375029
23.042982455947833
-86.54135096352242
-146.28985433718861
507.26315424923234
-247.33379698100916
-155.82871865635494
173.20495485877495
-135.0389205279795
279.1973248022059
-324.4016570308683
-124.2631482987739
382.1991426098853
-260.10858932228354
78.24552344764942
-86.71668344789242
-31.656972667267315
389.5501062630803
-389.1129489573659
46.66863673332645
209.35853874963976
-128.03633009093286
195.4705192094977
-372.21087443320187
114.84390474148313
326.47205764716495
-386.5793882973985
75.92584469129052
-113.72955350325712
142.3435144332365
246.0553375427663
-517.5871779125198
192.04342533594945
200.37004132542228
-47.65641826670857
89.96254435722344
-425.53228021648556
331.15612099967313
276.62724009409266
-401.91078531991474
52.76959403191473
-146.84670225075172
291.59243362871547
112.6734206382389
-591.7855753583669
259.69798593446086
147.771742336187
50.980031974403175
-8.8820988140687
-450.5335918550371
469.7820266100625
188.15373130601603
-321.471447980939
37.4783547457176
-178.92520597177537
404.9940881124356
-1.1268713380301887
-535.7575995336141
270.65969744606303
27.469145177962247
114.08195880177793
-85.74802815350506
-411.1226928419059
501.6505660005415
39.33191224022514
-201.8894158089435
63.203826527870504
-181.5507523391968
446.797279968458
-111.28699073977307
-367.6767300128656
305.4012436465777
-98.29611831835682
148.46643352303676
-153.770640810188
-287.7967056967899
477.92615669861607
-171.0178728226805
-96.50201408114354
84.13854489136887
-131.51271381403643
401.73742576796076
-257.33076112353666
-147.9950338744373
351.06961891169215
-183.9177955944547
143.2683462942501
-196.26174479815091
-85.03898644528095
421.2323372872099
-369.88207156976785
-29.636841875096337
89.26290083320825
-41.29075832703254
293.2357113569303
-424.4101239000336
49.889530484710775
376.610671913561
-205.72391179087015
93.00324618040356
-264.8710737407008
149.94887801378414
371.9541513695747
-481.3783865052593
21.478904654812332
53.8458644895276
85.63126170143215
197.70337327138117
-565.9003950630423
183.58829783993016
341.15856310662673
-164.64821231430648
51.239131214916064
-334.10745909869553
330.9990809524925
322.8482625706281
-497.5987198940269
57.00500982998839
-2.703650230396505
206.92512349621057
104.21922406217043
-604.9060489190782
257.77020568806176
200.08451441214112
-103.8417594840115
5.6656097829022
-374.3948346272742
420.5769480623963
200.98553655168809
-408.32885763757713
119.27909745114704
-84.10026807208884
285.5151075325659
34.20631779333713
-517.5519823242929
323.86379749026713
37.230733607094564
-44.99109422915621
-6.538162055490034
-340.2837068141439
436.8350955910014
13.191028716447818
-287.6993960649505
197.91385434602228
-127.42613252783707
298.3791405170142
-73.23481451890278
-336.52521608334587
405.61506752691923
-128.36771564142109
-30.350594077271616
-13.950398025022148
-231.17136025417827
428.04627384244066
-231.8805495348769
-193.0439074252548
256.1072963860353
-131.8350606700173
243.03967272140147
-231.66872720525933
-127.02393938551282
485.684699718059
-236.45501416809861
-16.65525026405176
-56.44831798120434
-41.793288082732616
403.5481028106496
-434.96936738537437
-99.52195155473841
265.75697822750794
-82.10115319560188
188.3144353202391
-412.02388130747346
50.35529469479092
502.13776022046113
-287.160836350865
-11.015417949800387
-130.08878247533764
151.0899922356654
407.78821416315685
-548.3497663707361
-18.71559112878257
209.43857025045074
5.871006078779004
142.76084472155355
-541.4297648192013
158.76174591515846
418.28349150259544
-281.2983053701883
18.672690497902284
-211.22073733584523
274.81762975340564
346.1170339008305
-535.7098247040791
84.62918078686732
105.55958566924885
82.2183700650449
112.93155268519567
-552.2562799606886
254.7390930903076
241.20797280013647
-252.26500667855865
55.92845633390269
-278.09898716551476
310.5540469803572
202.22685274905527
-452.45138133454515
205.1994292231747
-0.8028338606038288
120.5244940508617
71.16861039099484
-438.13420076175635
353.0653352089981
39.48592961850814
-216.4123446073925
102.44523542202339
-254.61483649242894
327.87118937769566
-28.976103349970625
-356.03836875245975
333.00983714313077
-88.45887302394863
105.63499450099224
-26.075807759534793
-263.0085992063586
478.94898641652355
-150.88796778104728
-191.42794179909387
128.1696265883109
-147.10999246385484
337.22355276173084
-277.89798833775825
-268.8640494773188
408.3391969017934
-134.47784559164302
66.16349563400138
-191.47121561665796
-102.24423880338965
555.443220273742
-281.5426926776222
-131.54515446450097
104.45048078053131
-11.248505841778256
362.24888725423045
-451.62117916640045
-147.14945504658752
405.9236107416867
-122.28102940867905
55.668805257371524
-360.2257110583436
21.070142257538187
544.0334000520565
-359.3799515138372
-81.4584433778249
15.544927836441776
