23.12172681831621
223.12020614907053
280.8878326452198
-374.2556767141616
-15.913329507994762
-221.9368128496452
583.7913953024187
-238.63653697140057
73.43374561040548
-544.478075169658
401.81066162961645
-3.8714513342714287
239.3052468464647
-430.94315358601284
-54.213989172448365
120.13461444724462
250.81502790574464
61.97560615914713
-394.2385354060661
93.84110720441926
-29.4309045522836
517.6424713877888
-376.2513307610983
53.02121477092638
-382.4643462257093
523.7591072881337
-113.97741062132377
102.01017150455588
-470.5933170704878
133.80971676952896
135.8855399403905
160.82388306774283
-133.97412218255835
-317.6896844019363
202.25589853545767
46.9794197374511
349.0980896233559
-458.1850910797454
141.63408883697457
-222.21750287898476
551.0530540228782
-264.71099879759987
66.42578999890789
-388.8820693418427
295.0788721368205
53.92484585137847
62.8539751929987
-220.14486847331267
-170.01093100027987
246.72085620405255
13.903172954267204
186.41007096793754
-454.9739120777916
229.94206317222222
-148.20538841992843
491.6451374702334
-358.8486941752974
129.05983892211003
-299.8766767348734
388.8522534068258
-59.39130178733557
38.919182795821975
-236.56034618275484
-33.05038681533403
207.45876532479184
-41.420605717769625
84.24530311417826
-380.49585410528755
284.51838368431527
-155.1402827796891
394.73459033373814
-410.2497548980826
192.35586090797676
-250.89751678095803
415.5377182618925
-150.81203342901497
67.69466440708096
-219.67203844157515
73.4467181318645
153.34715405007157
-43.96285979427709
22.332986693953075
-322.50084136094796
268.05753758441557
-156.202616471476
338.3877052755365
-434.448813346025
214.9535242076886
-254.21076768003985
433.8660097926274
-193.95153685253158
102.09683970513169
-240.3494095019531
155.67717315919504
122.82216749069397
-5.852229245014017
-30.476770187373837
-263.48463498324645
266.3078645898126
-117.55070592922485
283.2874259150896
-459.13571002163707
211.86984046161453
-234.71736326049887
442.3221891272964
-277.58543819197234
87.15606469591367
-272.33992674458005
258.0441373917736
95.96955414910559
-7.984407658751345
-107.63636658601348
-172.47378628646956
312.39287681990993
-64.81201036740366
195.84855673044873
-493.4863777006744
243.02793167638202
-160.64686489311092
446.95122729737574
-400.8030932168844
50.15583747776881
-243.76791877755267
379.8003571716211
3.6103574827413425
-57.74962672384959
-177.65490347178022
-33.03828046988871
358.6084384212206
-66.15183542646763
74.27075923652659
-464.4226381468779
361.08388161178704
-79.90640313686845
379.5281161809754
-531.5193667109265
99.67744428574808
-163.75887897130679
445.64638776751826
-155.0538602522155
-142.93169875343372
-191.96893761705834
145.10797779795692
333.57057888018284
-165.73863556665646
-46.44968835789203
-334.78236050580443
503.6580592322655
-73.70117766391691
240.14381507876752
-586.1849833041011
237.4340347781356
-39.773352037390254
432.63032516338865
-355.96673781653607
-135.04951665965956
-100.37833374800562
280.9973204205125
173.3424334134848
-305.67733359864513
-90.580125157709
-148.6722824780147
549.1286280618081
-186.57112623093366
91.53964588465355
-522.473297862378
454.42208357648326
-8.54303394493375
319.6450609219306
-509.8889267381866
5.38445037606115
36.33609364311036
336.51509919289316
-54.46958992517706
-352.03924373723675
-17.405124143353966
39.56836485540113
452.437102726524
-351.5702919578717
15.02991447565315
-372.9433106196575
582.5107968719117
-102.06934622956942
173.08593005612352
-520.6056656197288
228.16585580674592
102.28911769975434
263.1360004966184
-243.87295103907766
-260.6374479589849
120.66749637263311
124.70000279936356
272.06704191178596
-462.06744325240845
60.25922904988267
-210.32427738042665
577.2375113249878
-279.6491916761391
84.44182975600856
-431.9111196996195
413.80344330325323
45.97868592646283
152.32994791430457
-322.18383719845565
-73.95430857555208
197.1811922365396
107.31243746242528
72.17233156092881
-454.16429300190504
177.21042878077628
-102.08051388079524
454.6441050624421
-425.7311246203641
87.39954852332866
-334.8400722708184
489.89977258744165
-104.07542818824838
78.1962341637182
-319.33083615252065
118.6455689731811
201.90410507785296
63.920675500022185
-25.10648848860277
-325.84555102066724
256.03672193124754
-59.86515392917539
332.6415084379685
-479.2296991700273
161.88260351363525
-259.0997104856598
463.65450312817313
-252.94878175957817
76.12882637629448
-287.35407988194925
221.49469901225726
93.45943196703242
15.680813896080391
-81.20294243553793
-202.3309136532455
290.0209509110197
-77.30783429491933
256.52021233583116
-441.0345879089808
232.39146140455964
-232.43495083013158
430.45645260242094
-330.49675071316483
106.23654143836477
-281.20274484821874
257.59580002437815
-4.960936525450531
15.599973118451564
-132.9985813721018
-102.43366878948778
256.242021644704
-71.54769125012265
220.67955361729582
-392.6891061758609
276.9848582692606
-201.27824518221823
426.71122993991
-370.7738833310327
145.5292183622451
-296.35318403191616
315.82283981378026
-62.53176140495839
22.635843689205647
-187.1270574433567
-54.243441698366425
218.76078520335275
-43.84075033254172
139.62375449503745
-381.17815844446017
296.1491968094566
-147.1431917996213
421.5101787810388
-413.50083075731067
164.54282784379933
-262.4794763434598
413.4781616000335
-125.37550752970567
2.5649878314339385
-250.37505825076323
49.07896198893703
214.40174946268897
-55.876086530589966
2.5886126238328293
-369.51857286256444
327.44065834826085
-87.29131278373067
356.22353598159464
-489.0336896659464
194.69205492408946
-177.2826076138962
485.47548253564094
-223.0656354720982
-20.234993564625487
-238.87630816616425
204.47582597613027
192.28801848664725
-106.36100241250062
-128.80795167337888
-280.9863515622211
398.91028441816354
-90.10905935572457
211.67566913724306
-555.7451313999957
280.05810414823094
-76.7539055144553
466.25541450224244
-377.6140496814806
-6.689535907603084
-139.99018730403841
367.2495588456496
99.70113364935308
-194.119745872438
-152.9906915860434
-85.02368053663307
442.47493078347736
-176.8246630611906
35.5917527617533
-524.7257303305241
425.8432180852843
-59.785868813454364
337.01290870719384
-534.2269614245055
89.41634507943841
-17.82469666739072
425.8927287948333
-106.06720399479066
-229.61454956654853
-69.3603951738789
124.35382788733804
388.35513921160134
-292.818655815123
-45.15746652387387
-367.303710587167
536.433606852681
-150.414116133051
145.36065697644105
-592.3611723671701
276.0207696252115
30.71969761688826
344.76836699376764
-328.17760968897664
-162.24042492611443
58.133431524755075
250.33375187456375
217.83275123227764
-395.3616544768319
14.740492299143813
-134.78547857645435
567.1121799706864
-282.8056906584055
46.4823551073316
-501.6559509039883
449.5997670842361
-26.108102259397185
187.02806285039534
-461.3761388236463
-0.8601045965046161
147.49292509807947
220.81422200281378
-4.831801588231665
-379.36521387172144
137.61776399533375
16.940726123425225
452.35112207524645
-414.0480143956529
71.78884609028457
-328.0459647044128
545.6149073159827
-159.34300711838242
79.75694440224433
-445.01072188932363
195.07847767074875
130.78944698592792
121.05187106624433
-185.06046155490452
-265.7288669116642
232.9053170186341
43.941408194196555
288.13645046794693
-467.11262124573864
172.29496323404015
-189.4867505899938
537.2848094980343
-302.4201989508508
76.63339658064984
-365.82398558598095
326.28494648487447
27.992716052360002
40.04900146275732
-238.57827948983763
-126.30168278476702
240.8837067985741
-17.476458896501008
148.49929643669788
-431.98030571926597
263.9171943584491
-147.99800655163685
459.5214525248448
-381.35848489055695
155.71647627743658
-280.9115203875894
399.2623982243757
-99.07089179016168
36.29468659803269
-230.6611562195263
12.450837123625167
183.74297627965777
-38.352009652870954
65.04077806375314
-365.7394862968438
261.9015259213461
-163.08433737164432
373.4881742224136
-410.01581928749044
206.0635699988624
-263.10170213064293
417.2840912026677
-153.3803744822832
82.15926353139893
-228.3149482419428
111.55170180062449
136.90532355875524
-34.25250123642112
10.016851368716559
-303.94589629867465
260.79672109271746
-144.58089093433773
326.6341065577286
-436.7459136837991
211.02868361628825
-248.433867229398
434.36247166942815
-219.35970089227507
105.85572764820054
-245.26756814669903
198.90231780642614
117.13317817256743
-6.0754686923593475
-58.448245816198536
-232.9953192985224
279.1801858414646
-99.43337954104514
258.8230767694262
-472.62407365525087
213.61411971771724
-212.26393087985497
449.06983278794314
-309.25472358420535
74.27208964318143
-273.38538754617605
302.3178982462996
72.8719706882443
-19.348730972079874
-134.82241609035992
-138.80162294085088
333.6835097802158
-59.607665411558976
158.7226608763709
-486.79916001801297
285.5845161961224
-135.8814708195046
430.10437504545985
-443.9851446540582
65.48088845778724
-222.44867458011876
398.75423484922965
-30.67782433430917
-93.73036126021033
-199.42087565539913
32.12701592301116
363.7235417835958
-96.0343138586549
20.209509214470028
-436.85076129374363
417.04404361241126
-71.20267133530903
337.771885337072
-564.2970532079812
132.95974276467462
-114.54839492364995
454.0002927038869
-220.587249147224
-147.47212254354775
-162.05980312031792
200.6300820212185
285.8763204051672
-214.47226020499838
-69.79486908419948
-277.30436443888806
532.7290322834093
-107.16982251904508
180.00116166610994
-574.5414447744621
305.3212297111416
-25.667159559584725
392.2588937331987
-425.4102441397993
-101.03823368958533
-59.30657628056323
306.99196157859325
99.3767585381297
-330.50043901337034
-78.49559089688937
-78.3391536059701
529.1175747814369
-237.7785460351608
61.61159909317781
-475.67601601137227
507.0671786828098
-32.86743706095702
263.6018478897144
-525.1497566331753
75.43425469707299
69.0007843337358
313.84356005436433
-120.52175417705331
-330.52526073436945
22.847914619091437
75.21673190148918
405.0132117718559
-399.55677022245914
21.622592981765607
-301.8335268243622
591.5645359437063
-156.33848127709075
135.28012246310035
-492.4603181746731
298.5452835178173
93.27193649428042
229.1535882987665
-288.46630798110476
-204.19259361329682
157.7448233833931
127.88661782404375
186.0415704962323
-474.8694789502921
87.91363707529116
-162.97493847265045
536.3752417236853
-334.9415399151777
62.04371607669589
-408.2053819029509
451.4016909041419
4.291274673174907
130.18465544824832
-343.22808711932936
-0.27307629866307603
206.5858556589069
104.36679617326331
23.095123447950705
-415.8819796519865
209.94111249209058
-85.37121893016717
423.6377772255525
-463.7811657057092
113.13194894223275
-295.1479375002479
483.80599744645247
-154.07785144977325
73.2586307032169
-323.77385092307634
182.50270034605077
171.51080923394323
44.9165640862291
-59.337734696259304
-278.4173145640877
276.32265715527797
-69.01376721109898
305.34037545550996
-462.52617686176404
193.85847273035128
-242.63174376237302
450.0504784846359
-289.5938021594418
81.36613527078337
-285.49113777496194
243.59992467831378
59.57299149165082
11.099750025207804
-89.49009413309119
-154.72390995199436
278.84880434710794
-65.50426879377635
237.94619539141917
-422.454204984735
243.01430728133198
-223.28233097798088
421.4816472109478
-343.48650637178395
130.05502420997306
-292.6137942387347
284.2267247120478
-26.089226394216947
24.07514873657601
-141.77487228902766
-86.92327171924633
235.9964277722627
-57.36302090312537
185.44556868205552
-391.0644701215457
272.96432200563277
-185.0041771736548
431.301716212762
-373.5430865898399
141.3736108531686
-282.2490380476243
343.7703101060388
-79.53412972081993
22.56119501583145
-216.62452566478436
-39.656261288610565
213.1828262658542
-39.86153335233442
87.81570710581829
-380.3117817119746
298.1952219724756
-119.73539610084443
404.05467647673066
-424.70771150332934
165.1305457590308
-232.59973252413695
439.6463464296391
-143.26156650679545
-5.6108307348069015
-254.71465681451903
86.33632610998299
205.66584365181933
-67.78222323709001
-44.02422490332613
-352.0381654754646
354.0300850761845
-76.81501359353021
310.53372876538657
-514.7781274828802
210.69406324062734
-141.49048896397602
499.1074051739004
-265.03922324993533
-30.66942272847605
-214.89818220765687
263.5081057466634
169.2680557815691
-153.97980106271146
-151.7354429464745
-224.34298716957076
423.7787863886567
-100.84450251374724
148.48358707982527
-550.9308191997511
333.4053123619508
-62.2062023323585
434.0755590317106
-435.5821897662941
15.106143023021302
-104.98971956343239
398.29759314759195
26.730980374592633
-232.35951575748194
-142.91452076904525
-14.880216311426413
444.15019093694656
-216.2352717432622
-5.423888926066304
-471.99455019030347
466.34066313968515
-70.05412546231116
263.9793213909249
-571.1775226023502
148.15101303344554
10.789952019073969
408.7397655839312
-185.38842183240405
-219.62802768410054
-31.151590002855695
185.61500073404162
344.54464180350465
-336.2545810042508
-43.27149018329363
-290.6074367626771
579.9505440396804
-174.41678557889585
100.9269799694741
-572.2903862449629
336.78764161125736
30.033307448081835
294.5133965523178
-389.52777424623923
-116.46330578740759
94.48109241923015
260.0459812317881
140.44521989777263
-398.93020748183466
53.18384916853432
-69.84425329566872
540.7107822506479
-338.82946610842777
39.15518707292298
-439.31165790909745
493.44783219148417
-58.85356821184997
140.93274262697014
-471.06002766935836
59.95386760971175
153.8393387724955
197.67299133518475
-80.6945812651934
-353.5269624800226
161.77295889742894
37.70382458914115
413.2514101215954
-441.99600726326054
106.50740022798442
-274.7902787328864
559.9873671032548
-211.98620661167587
68.80655729637704
-439.37337000769406
252.16869288549094
89.24424469395055
90.28550599209551
-215.9076181860213
-219.3716538658513
241.82084044279887
31.141309510535805
238.75386380026532
-455.71744398976847
207.80950911471683
-158.74552841296833
532.4690980682424
-338.96064664340844
98.59507571362032
-335.1994931473336
365.2433827860428
-22.663145646185153
19.30001449403594
-248.8970243480445
-74.06957892188551
228.22456290974645
-34.68924407462406
104.3711366449734
-411.44514606315664
263.5597165924279
-140.17075095067764
429.6105277360467
-395.9382599617123
169.1301437301325
-255.86171054541973
408.03041113929874
-110.20049311071801
51.4580843023573
-224.1108240799255
37.87176882288705
161.28600938400652
-52.55052068592979
38.33660618543947
-344.87044381784455
278.257755407856
-163.71011289170278
350.71058708244396
-414.4150772900227
214.4162201935571
-262.78819709075776
425.3735535217134
-179.3478607822587
84.60989118536176
-231.53047502051714
129.5855080562285
131.0094610301668
-13.869086953996671
-8.158258607905209
-279.42499096374866
262.8589895861591
-142.47870187607032
299.58952139760805
-449.8533326178922
199.68432393658878
-245.6232569814123
435.9989495582149
-249.27950973945266
96.77978828617523
-253.8023336035305
213.78190846894867
103.43172010751844
4.838468505577677
-82.89011173196762
-206.85318279127102
286.7580177098371
-80.30274875934825
237.72435406006315
-487.4830494372305
234.34462091408875
-201.3175607059004
456.94668272091633
-359.62066559912313
63.529234661930104
-266.0114920629235
338.4288911634148
54.054154010902835
-44.21006001524623
-165.6806437359618
-88.54366789021273
352.6004917410732
-62.437310260901796
129.9088299031148
-480.84492424064075
329.8065927105045
-109.28070880091023
402.29900784463155
-489.20794613613015
67.64329106091463
-183.43188150429404
427.15353551228816
-85.541846567974
-121.68483464975532
-202.34502108179638
82.06013665370412
356.55946030863544
-122.84179724631672
-12.474520396980704
-390.787572856117
455.3184787699656
-64.9015478957007
290.9698672874657
-575.840547440078
188.39216214869322
-81.86649957802386
440.82428019229593
-289.6223608602996
-151.87278483092223
-138.66082071801253
242.49492173331095
242.1559641504501
-261.5927843909631
-86.08518372167723
-208.34598729480027
550.6354342028816
-129.32352488688133
137.14915724810754
-552.8094786987842
377.3731749654586
-4.572067803407783
365.2879018160596
-469.21632220028306
-57.93151662250931
-11.119040047914599
327.7310204411917
26.37501101991963
-352.1239282333753
-51.2333629955626
-13.76655350480666
503.53990108490405
-286.64812312713565
33.50800695130335
-422.09415282656846
554.0593116803786
-61.10734632214596
206.73634149094147
-526.7599707185101
157.75862638864143
82.62971606854646
288.87097563654646
-192.87653665745842
-305.1475209529056
69.31713593711768
106.91006636766416
331.51068604800514
-437.65579519232404
23.531655333134044
-244.31181844140283
598.9744667376344
-219.83631151681652
102.20034007033274
-468.8277142489502
361.4488110246951
75.67349664906335
194.49086032280493
-314.1554724696833
-131.14632722264093
186.0316611963451
126.92646279345904
128.21177033863972
-471.73363169055017
125.73872507986465
-116.75887114759624
506.4853204253191
-395.87921823366315
78.92931997293182
-363.6513574481235
460.4105026166675
-50.438653324414815
90.48709956129369
-331.74017875937955
58.57364360218465
202.47630044220696
82.89170048332124
-13.298467566068325
-375.3708456159672
238.11243635144982
-72.36207630688092
377.17316812229063
-474.969240135197
133.06124352245197
-266.26746316291093
472.6368901920609
-201.79979716197698
66.09755378122138
-299.095697581842
202.45477491844161
130.6072142317927
32.621789637308666
-62.681267851059104
-230.33816271929263
285.3020031113238
-72.21855125201935
276.04433547207105
-464.161317565644
223.23947548311415
-238.60848865319574
442.6481229874534
-312.1143239764635
90.34723424766082
-289.9985636279095
251.24923302176657
23.435878609318245
17.946463691637653
-104.8075263214315
-125.47476164344859
272.00612316873924
-75.77604233192496
226.72411479727242
-408.55022572669384
259.2919445098611
-206.06254243385357
427.96879511417933
-350.3409901901838
130.44520606260178
-289.548787155062
292.45968592091515
-46.11960944603478
30.138363331556768
-162.37822287607443
-83.1135932422655
228.7618124344714
-49.99576594116025
170.4388310572404
-391.1455947379865
284.3165667867529
-162.40308332806555
432.60504346828805
-382.6430322216502
148.50403258689533
-280.8870976860291
378.29462428679983
-99.38822530217135
15.265698186678325
-229.38262572866935
3.6263412966455633
218.18341955300343
-50.17469127929991
42.44980273006223
-387.08983263224894
315.30003533009705
-103.5633689583197
387.2661471420895
-457.19039159183126
171.57099308345872
-206.72156066656314
466.26392657821
-184.58444830996334
-26.332070471579804
-248.7307921599091
151.32646145433154
190.41169651165916
-93.838087675377
-84.34867321297443
-321.15321527561315
382.02886534133575
-84.14057291405781
262.2079537955012
-541.1725544253986
244.86627801771326
-108.16523743740233
489.97426632475907
-320.5288582335749
-23.781951634098377
-188.35294108404148
324.6856387383944
130.25995345410817
-170.69167813982352
-154.549547018872
-150.2824032061615
439.3044416249577
-147.78950374335665
86.43470748470236
-545.741107113794
374.33029404977236
-52.97839027408557
377.09290700130055
-491.67836062232925
47.13920833619765
-69.4285886897738
419.9652680545501
-43.49657062522774
-227.30652338778623
-109.8627539414406
70.5374624270707
425.10023945060027
-264.2420111350969
-37.50533142965419
-417.52529256157675
521.0964776157388
-100.7744256470072
215.3486759656445
-596.7869868006918
196.25776494369717
20.183421779867054
382.5020415384731
-262.95805000556135
-199.0866328731904
12.54492783653035
