14.121726818316208
550.9459397784748
43.33930010997682
-144.62360780948597
274.0192015257387
-70.62742418299905
-450.54780130847854
73.42587179893748
243.15211977648804
-317.7761104583161
-54.16332888710275
529.780584457714
107.45874982934829
-302.50764804571924
72.28947574566692
-79.94304631493861
-499.7784150752091
60.7682234197515
533.8961506007266
-41.82815798878405
-205.54208352561676
303.15297432455486
18.581087894584577
-426.0405947204492
26.234052406242544
150.63069381208746
-334.35130248079815
6.937327387263837
608.7043100985446
99.4691011819246
-367.580530921007
36.4955804800601
-27.81801059916389
-417.9520273978306
91.46781246398095
475.7246138089042
-113.58385707385008
-173.16781962271025
400.33622275391707
80.97859495837702
-453.5688521771069
-55.62495413997709
115.74092010964002
-275.55902517239036
87.54478774033248
609.0939725558723
21.26389798376113
-413.0156968839169
61.91530328285317
45.151490250230104
-388.14035870291264
31.923711596648506
373.61176901470003
-140.9451303174727
-113.54321200797818
459.45076404166315
59.742617081679164
-531.5714575845022
-103.84070397277544
149.40229248378054
-219.11185236213967
118.74477693753369
557.2401176522781
-50.48492146593814
-405.67049846696597
150.00193125731818
110.28764151416327
-405.61201053316773
-26.26013462678
342.1988597967561
-87.38919860988463
-19.747864258779043
485.53359460055395
1.9942371276540953
-586.9045565294169
-87.2608384940971
220.57171081610247
-170.32852587673
73.43826801725562
480.06697692946267
-72.03142678870917
-341.51434203379335
223.54342749130012
88.38565324811943
-502.5270990666331
-102.35865646179829
361.3466215064239
-14.92781892336477
8.36795063523163
430.1306010849217
-81.63398473424326
-598.4425613251597
-13.452676365696153
265.0254508815113
-209.34837083836177
-10.157789807886529
433.0778760469868
-22.451897868007865
-254.010993933532
253.64614855031533
20.990814418675455
-561.678855671069
-80.51938741021176
449.51299897698624
33.657135685934115
-11.438849912931907
367.26368453454074
-105.40738694177195
-526.6954836721018
74.24361091637267
260.5784606031317
-285.86444418245026
-59.10717533360526
461.63191457976933
60.08988096498045
-214.43371235626125
202.64402118874884
-70.65691583149535
-583.7509803721407
-21.54991669010068
494.53650317002695
1.2435738929601712
-90.67967506683357
322.94284832981674
-77.87339377129737
-447.07604689868845
95.41217070486849
189.0085420682449
-380.69074781466406
-58.48345157318272
537.0895931876383
107.44460478339748
-238.28755317314037
135.1886809460676
-88.67710244876993
-534.9254698311828
61.08447693713808
496.04521267966345
-57.8605704659548
-141.68799977214633
353.3789376929683
24.063692595636844
-391.8142095896025
58.18967137743886
113.55068304027694
-389.4789205448657
10.926601030427596
614.7421937365848
103.231953946113
-296.60700515155867
87.57579802131438
-73.07920101225481
-455.1365049481738
87.82461841617014
429.2339319491297
-151.79630546120669
-147.54587171237554
422.92526356573285
72.72896414764388
-436.58562033058666
-36.77610659631938
50.693310395205145
-355.93263603467767
78.22713567094046
617.8495890754908
27.20439826821847
-354.87575741997466
114.26814848959647
27.93512550407813
-423.4035896168084
36.12325908187792
351.9282565664299
-157.40423097654352
-70.00455044836221
513.0276267237384
79.21575382402163
-483.5807162516692
-75.33844581085685
94.7981569457626
-276.2683034007194
114.41202339470016
568.9541209577446
-39.989446568291
-346.50601855323396
194.02218328803093
73.76571334795189
-438.37372907728314
-44.72809251049119
293.0903304314595
-138.47203890626815
11.577129143103125
527.1292639119745
14.354934882615936
-560.6158961542435
-68.2914034235484
141.49419154113036
-239.92989228535322
75.86446677618345
481.5126237815129
-72.35521341779202
-293.15040459090807
277.60837484395444
71.15894541802244
-507.05666529805205
-109.64014838011805
306.9486274188381
-65.62178769384168
52.335301025980066
485.5624436596931
-50.47239949298676
-562.5718156905798
5.891010460337934
225.74773449732186
-258.457119711913
-0.8347070892059856
443.20126489710213
-26.060521267807516
-198.70855573606036
315.56481145881884
13.102053091859682
-582.9230058463343
-98.46328738531936
387.52892855844283
-13.823560708511025
16.55286663187657
420.02607338555424
-104.48886287529528
-513.5761962726784
77.32735788764137
206.21297073359594
-345.28449152579503
-68.32401570541882
451.1665498220684
49.19053534581322
-153.6469181408069
259.284014534321
-77.9443054803847
-615.8138069024089
-44.65215429694194
447.82279673177845
-29.023095396383955
-44.983796140692824
370.35516580031316
-61.471643482293636
-420.3775522068773
127.7874861601737
157.04937937017593
-419.0469949348243
-50.432130120514294
523.7483081973203
106.62259359252236
-163.14323571514876
186.5239594450855
-96.97740484917648
-560.0425188140052
36.3865345273455
456.9941487294512
-101.90482224895113
-108.58377670879497
381.103948379463
17.42521161585636
-380.57768415089396
81.05097634292787
53.5342439505427
-459.12791020236494
-4.590262894904949
590.2596913994623
93.51309943520052
-236.96555361576833
141.29723364935117
-79.41972431788069
-480.00317299855413
75.84544776722718
389.1977475398924
-190.60702614968997
-113.81290082333486
459.1879626450856
95.76293928278415
-379.28206072104655
19.577241027202085
12.778245996762433
-412.99272541841486
80.07538725014244
620.8211325676081
37.226663743330086
-288.39846889478423
171.6113615630906
0.385157851160425
-437.32135421075054
40.01268225541482
296.8739191742581
-222.9593621662875
-48.15201892950229
538.1027357768387
85.98576713735595
-454.742066463991
-50.36628815861735
28.27190526566358
-354.78965821808333
108.35044823474816
562.7181013387516
-61.84829041767874
-309.08642850335457
233.48328825486416
55.54226681525163
-446.1471868485406
-43.99253672891021
235.24938816741147
-187.61228236807702
31.60310094105658
579.4847321665245
33.91477585630423
-505.17757415049334
-38.66793668955566
118.14247095616486
-285.9607011475777
89.34134820341397
480.78194430520466
-82.42270113553491
-236.47393792309575
332.6780548592153
69.12683960197135
-516.5364476946564
-106.31978608251313
257.1787559427241
-111.95137855097344
78.50551592250731
538.1710922550134
-50.69485135599026
-524.7561556446864
28.37630884949213
162.86294739687565
-321.64477475922433
-3.743292671322836
420.5864738239704
-61.33936953768808
-165.48613551864128
350.3527800442267
-7.247082552964255
-612.9577323795106
-114.2642092690165
319.4919127955305
-69.35888236223434
61.356730731024115
457.1238371512252
-84.40523159811694
-471.1644414646441
115.55122225743284
175.41131513203965
-387.43743176570155
-55.79205397485422
439.74404310784143
28.4385306978238
-82.62342207887497
337.1635845000646
-67.24193693573557
-616.9852128770451
-44.440592440214544
381.7951250259712
-76.08864800207762
-11.899736380969589
410.36584711890526
-64.94295514218851
-385.0263450423592
149.86311976711812
110.60250858733791
-471.9892247143478
-94.78120058076662
493.2061979679223
80.93880767860749
-109.25869602779619
255.72372555585397
-116.40006379004096
-586.7316320680421
35.918975018079195
390.261087657673
-139.57481604110552
-84.28424012523348
406.98223335611215
26.532127947435786
-319.98921899378627
127.17059471084093
19.25847189164534
-505.9653600595135
-13.188118314690781
571.0990542681004
90.6718239538292
-162.85526110260813
212.73846381869606
-88.1760910042862
-500.86914186897957
85.79247573001626
337.240412708057
-227.02863819990426
-91.74066331227475
493.82068413918563
83.7837997465569
-326.45153853292663
51.58242570017998
-22.537555972601755
-485.4646208605296
54.248717767124255
584.9272189711292
23.38220109292078
-240.9499777507626
216.12856756908434
-33.71404345330111
-451.57133947035436
40.259783495364985
246.79233469992255
-282.33104448575125
-27.961402916754743
574.8466601871016
100.91639094892919
-405.8525141885791
-14.099527924806528
-20.666785763460574
-395.31185338158775
106.55087612866774
534.108259268745
-56.29342877213154
-231.99754733226195
297.3652085502907
55.97904267207554
-431.86902585704985
-26.30027941022393
186.92988420681067
-244.74654250570012
52.28960376727572
603.8361117537971
56.33410955527323
-454.4114410967322
0.6893707789375352
46.91384468676012
-344.85353204560647
73.78085475988317
454.2614377837329
-103.61373721788408
-191.64850377123693
383.51316971269364
65.37184897789172
-528.1698079097981
-111.39538218142764
188.8762982900836
-188.37447530266752
97.73030928195088
559.979910704681
-28.776841560593947
-483.299466682695
68.73432039157137
114.12152262779057
-349.33376205671203
6.902216217792766
392.47356424350596
-70.27394435833318
-102.38434241098605
425.8199237014051
27.16432794252924
-587.0253168963399
-105.821565934391
252.60850812055378
-124.14935613578352
95.27168665563397
499.2662246174985
-72.4427506542092
-427.3712572819238
152.08034893481013
141.70574386093938
-421.7588745443306
-75.63174590336958
395.2297732127943
-11.794374697378885
-46.367454191792206
404.2993234608121
-69.83896634616384
-628.1515218637164
-68.14784267133304
302.6974811744917
-131.48988530765405
6.54549408904107
430.57441239246464
-61.744267223130265
-348.7161075214103
197.52925762986672
86.99314450535114
-507.34372012289424
-81.81452627455599
465.3109278204393
65.06679195405623
-45.92026549870084
334.6355924161323
-103.66177202004671
-577.255520036203
37.22008096896938
331.88296606679756
-193.69025457583595
-48.3933707458358
429.40407599822754
21.521261185993957
-271.7908952586522
170.01387737943273
-2.023130182376627
-556.2205489029021
-41.2272462538764
523.9219166766383
61.90283784644967
-113.14402634599689
269.23614033362566
-102.68442415744853
-502.77979408052744
79.34212475334436
278.4723921708207
-288.5911406317086
-88.26737036811613
498.1971595086315
86.1455596557306
-281.1793244741134
106.42438637988019
-64.86797059716561
-522.4742348909513
46.30227136326036
550.9764717687168
6.490197429759529
-164.29368459090207
283.8510958275491
-14.608967550295617
-423.88450570511526
59.15516982408383
204.48439102366993
-320.7361017915173
-14.996973616729562
582.4963843737897
116.02860516428841
-323.9777307788601
47.657523510414485
-55.79354137150898
-449.2694806580465
88.07200247552876
501.27439176224334
-80.09615869600988
-200.5500255403122
335.0314466636769
40.427339919829556
-432.31513035319773
-31.718564236363026
113.8441515691899
-322.9739552482219
52.54165572317156
620.5882424882032
50.89874070254785
-405.9301989485957
29.059451192305602
9.087367087686694
-404.0762911496527
69.01037419374198
430.0096419824803
-133.12587914744995
-139.50662851162764
427.46423598609533
80.78214683145367
-483.4784758129003
-80.89611196507131
136.98799824838963
-239.9658335489294
106.63252454389222
615.6262677942108
-8.788309612213574
-418.64634671566154
100.51613528092042
84.39179309968011
-391.85111489617384
4.339001768312002
359.396543201358
-107.02029219667683
-62.36731577989673
480.2276200289199
29.965455376520282
-572.4409178673175
-105.72301120995307
181.95258547404742
-189.43320940794814
90.65726064494217
502.18283672511853
-75.28171656622925
-380.04188684269735
185.1719989248234
108.36141342851377
-463.4367484866697
-79.19305807185864
334.08169906296604
-52.260171450338746
2.245692433344334
464.94216979677196
-37.295680389922765
-599.4595370742358
-36.88274038807583
259.30635985451147
-173.74482003072907
35.69720186793152
460.97668120564384
-53.112040957025464
-285.08879176864
246.30226439753608
62.532666757492535
-543.2527323355554
-100.56066624985174
407.8318939476688
19.619483720915426
-0.4414950386223637
400.089770312863
-102.68384906682527
-566.1570794556676
35.178646718067974
268.9898747330086
-260.94995450385477
-53.56225410595465
441.8802052875135
5.75440075487873
-223.53006447480027
224.3021391222486
-25.91818429063026
-601.7337027703287
-56.11017872564901
472.3547950158559
33.04266014402503
-53.243585050958956
334.7317306933845
-91.84213150097854
-482.24128783904354
84.92309735065422
231.61784035768324
-326.86084849040503
-66.78401122995693
503.8646981309285
96.43591490004745
-202.89963788856943
170.8081179138972
-77.4795144584452
-566.3094095081505
23.274485643930156
516.1407491454424
-15.885660176747354
-128.7293299073343
330.1172066709951
-28.614622531266807
-414.674529099102
66.24903814527183
138.1752200222062
-398.17115890642697
-37.18982979298071
581.0517932963878
113.67255008651509
-262.1205054305376
103.4309706139134
-92.36241173834871
-502.537824749281
76.34321942889083
466.261647613836
-114.61874313660893
-162.73979606626054
383.24868586932183
40.36934526066858
-406.7182415214394
7.540528342973882
81.50706986091471
-379.29257561604516
50.57973482691211
634.5570648091501
70.36683388245065
-327.3791545863228
89.16296555154167
-17.074553397040475
-421.6765350385275
75.7223843479215
386.4739150336059
-163.56566421407663
-108.60935595201319
474.5328646131243
87.45097719547948
-455.2271451332804
-59.748736637758384
58.10386668035547
-325.07857993293896
116.98957824829645
602.7383060428994
-22.69978357441841
-369.14860722332617
146.58419124700134
50.008644023227355
-424.3890723534818
-12.579095930834166
305.5541081030587
-168.61726805440267
-32.85888332351196
523.6429463919527
45.27199104231345
-528.6035415030146
-75.23733612952049
113.58390004292502
-251.5899755890689
104.89256359309971
532.3893035105898
-63.688844126630684
-315.29908491205344
241.31165798837293
90.87382520796253
-475.82570392762705
-67.97184398837561
299.1162186452084
-100.64975573665431
40.772724520245156
507.3153910475375
-27.697004395636405
-570.4761254182293
-32.44355740662415
196.79636020168275
-243.73208566134952
42.61424538230379
448.5357746958964
-66.76516504123535
-258.42456981439324
298.54640850615453
40.225750320400465
-564.294822202971
-123.6375960413354
340.06954069724543
-34.300057317756426
43.30552320811519
444.7788115175493
-87.22593096667137
-540.8081080075045
52.17160615248476
239.33591063731174
-298.6274558310867
-37.26893514164433
432.8238438922986
10.566853965793573
-165.60226320042315
286.5076496815908
-31.596439807529038
-603.9721571696649
-62.55747242754939
414.74427331220954
-8.665224286838928
-3.1797379481188472
383.1543464663337
-79.74714979157385
-460.9885780130353
114.47876036152171
183.90018324500204
-377.9190215546164
-74.98971837433248
489.23628128112813
74.59498316532466
-150.46604082881686
225.12306844591993
-107.84781366202608
-603.9699957721795
-1.5934480968210702
446.7660520096029
-59.24486342882691
-93.58489419812199
357.8416360661882
-16.63401162752697
-387.66002361725987
96.64293033716564
104.66976068339861
-446.0857885873318
-50.733423832466066
563.7065212221946
112.22335992535908
-189.3999891475224
175.74552383518795
-97.6174282954149
-513.9153301532397
70.53658268513705
424.54274581234324
-146.79221640284607
-110.40353179434877
416.68163044751105
67.05430147514859
-368.2359140418194
47.536754420288155
33.018558812931694
-435.71799137372005
26.338251420031316
606.092732208246
67.8694386423153
-274.7463142897666
149.32862223069947
-60.13971626939286
-456.68449190594606
60.01309640546842
334.83823415812213
-213.702410024226
-98.66033679406212
507.11218160022327
88.25115094073152
-412.8108146296294
-31.323051058049348
13.223830215793607
-379.05390962284935
92.53439507520424
591.2475106640841
-9.803980200543409
-304.5978017838259
199.71614141060778
47.016955549282756
-427.8439623499474
13.394052943976757
264.3361377860333
-213.50743022264447
-0.024766269330044777
569.6054158480902
82.88638523296275
-480.3854851777239
-42.91913292158239
62.6569981829948
-312.8711571180676
105.295535141303
518.9596818251005
-71.50323659946959
-277.9542093511134
281.93424957417415
64.66187890932622
-486.9463597033288
-81.24417674509569
233.97181238636736
-161.53709594433786
56.58601499250616
555.1014393574699
-13.206325116470166
-535.7742878495391
-14.270511746257373
129.835090959798
-292.8524088994033
39.95555257315819
440.40743460591574
-74.45667904751944
-188.4050252435413
365.0310025521754
52.35482111051966
-556.2301730984307
-118.53609641339243
288.4175461877803
-68.42574055241316
81.67859233653897
497.1130259437311
-69.78091909048506
-496.7646100584369
81.27620849248711
176.19099853585598
-340.70025774864087
-29.120719248600444
420.3283750106989
-3.8984882322670344
-109.36773279456399
358.2829744766301
-30.289012506446095
-624.2284017207169
-93.30940437060113
348.0015729979404
-64.267613647356
15.514498785512561
416.3764736883785
-86.38372327939412
-433.6197137728889
134.9636407066505
144.08837570960748
-434.5056837333857
-77.84156119709941
447.4348367212626
66.90153034809879
-82.20383841596382
302.2340464554024
-94.78874339069334
-602.6494930250494
-6.505788239469223
400.21479169937317
-96.57442299436157
-41.56671924058101
413.2625638058911
-12.099478402818706
-342.13905779736996
149.24941509053116
70.2600480147873
-495.13052980626776
-42.57979926093689
538.590786704755
91.25393824967666
-128.91779977352996
230.56945398560006
-128.45458028791123
-540.3441300175002
48.410111708185475
369.2924560315974
-201.8243338771349
-105.36342312066334
444.1740002399503
49.16685255185468
-327.2996089148716
86.47685072373662
-12.91959346010801
-500.7207531557952
15.012841159021045
578.4471298846154
67.31292514668688
-208.73231190723624
216.13528282649057
-59.22089620581863
-456.6539786867233
74.13733394637094
289.470107332664
-256.8317162974891
-60.168879422516255
539.9821143349142
111.383498048801
-350.05676008659765
22.18217820535422
-33.62095410026671
-431.1150511669079
89.05606766559846
582.5306264234788
-14.118715645558238
-250.45155871339963
252.21296631028662
21.219531819132232
-441.29581936244625
8.849437173672863
202.94557068920176
-267.91897415793323
6.539900450873514
584.4396685827919
76.15203220946047
-437.4922035480598
-27.574537440512746
9.740309947339554
-371.04974287229174
97.4662875641552
492.4227263811427
-88.21862053582836
-229.07605486716162
341.75249779005014
78.64015929658576
-474.764639333957
-76.482859331772
177.8017370046833
-212.11840021887298
91.67565317343379
592.6206426657352
12.310856922030675
-471.9637667906473
31.36229556290988
96.66285138533785
-342.37896632010063
45.85237654282106
427.9287162068504
-94.40021699228112
-141.54206842763244
418.45503888315835
52.20037066445767
-551.4644684499606
-115.61500263019504
204.9697511477602
-157.065916820739
98.2368278999957
526.2696287884263
-69.05287916873127
-466.1086074251274
96.27126846193948
127.75651762934169
-391.2633766938791
-49.194448935715975
367.7303477658005
-43.98326217064812
-67.42122350281062
404.2602843545445
-26.435854188275318
-612.2363465012288
-88.22877865979544
289.24821774373254
-119.96876007537371
58.347549084855146
460.33890555451865
-68.72831136534916
-382.527441965492
186.77728100402888
124.56123512534613
-466.45301859725987
-85.16877035338045
425.556317888483
33.79598623550339
-27.86652819539152
374.79390905440147
-85.10975985081514
-607.3691291913592
-21.84365104404661
332.413240770179
-155.3591044194062
-27.749878905331045
420.85625383393227
-34.792314194337465
-304.8013328294468
187.46529242678048
25.5382679936637
-550.017246948952
-81.4042839437179
490.4670853551028
66.5521837732854
-68.61458545284923
295.69391526822795
-122.27020170228457
-551.6726810148841
64.62174224571629
323.97581560566096
-241.0014184065059
-70.61771505606515
457.52263413393473
56.94766994621272
-266.48123125640535
147.80004269439925
-37.34042784003863
-543.3451406937638
3.5449278364468166
